8 0.998909 -0.0441655 0.0151738 0.0172783 0.0439725 0.99895 0.0128272 -0.0410404 -0.0157244 -0.012146 0.999803 0.0701758
9 0.998647 -0.050614 0.0119235 0.0211978 0.0504591 0.998642 0.0129534 -0.0447858 -0.0125629 -0.0123342 0.999845 0.0821954
10 0.99848 -0.0536328 0.0126961 0.0205157 0.0534365 0.998454 0.0153281 -0.0470429 -0.0134985 -0.0146264 0.999802 0.0840058
11 0.998189 -0.0591237 0.0110654 0.0238864 0.0588664 0.998017 0.0222866 -0.0522773 -0.0123611 -0.0215949 0.99969 0.0944275
12 0.998097 -0.0611159 0.00818699 0.0261029 0.060916 0.997883 0.0227718 -0.0541521 -0.00956137 -0.0222297 0.999707 0.10051
13 0.997708 -0.0675267 0.00442352 0.0274828 0.0674069 0.997456 0.0231746 -0.058933 -0.00597718 -0.0228233 0.999722 0.107013
14 0.997491 -0.070787 0.00105009 0.0286231 0.0707341 0.997141 0.0265974 -0.0623639 -0.00292983 -0.0264563 0.999646 0.111908
15 0.997167 -0.0752155 -0.000872565 0.0290941 0.0752164 0.996923 0.0220876 -0.0655461 -0.000791446 -0.0220906 0.999756 0.116783
16 0.997061 -0.0765951 -0.00129282 0.0303855 0.076604 0.996769 0.0241407 -0.0665663 -0.000560412 -0.0241688 0.999708 0.12086
17 0.996555 -0.0829273 0.00117555 0.0327532 0.082889 0.99637 0.0194061 -0.0695658 -0.00278057 -0.0192418 0.999811 0.128427
18 0.996192 -0.0871531 0.00224986 0.0325588 0.0870845 0.995966 0.0216189 -0.0716115 -0.00412494 -0.0213407 0.999764 0.129644
19 0.995792 -0.0915956 0.00286878 0.0354812 0.0915134 0.995572 0.0214987 -0.0736541 -0.00482527 -0.0211457 0.999765 0.137959
20 0.995688 -0.0926211 0.00518247 0.0356021 0.0924913 0.995485 0.0213115 -0.0748748 -0.00713297 -0.0207403 0.999759 0.139867
21 0.994944 -0.100213 0.00655981 0.037607 0.100032 0.994699 0.0238254 -0.0788864 -0.00891267 -0.0230488 0.999695 0.14629
22 0.994651 -0.103191 0.00450769 0.0383701 0.103033 0.99431 0.0270541 -0.0807409 -0.00727377 -0.0264449 0.999624 0.149045
23 0.994393 -0.10574 0.000923889 0.0404515 0.105661 0.993922 0.0308908 -0.0831249 -0.00418468 -0.03062 0.999522 0.156922
24 0.994132 -0.108164 -0.00168464 0.0412596 0.108159 0.993552 0.0340088 -0.0848456 -0.00200476 -0.0339915 0.99942 0.160032
25 0.993931 -0.109736 -0.00763444 0.0431124 0.109946 0.993237 0.0373127 -0.0868249 0.00348824 -0.0379257 0.999274 0.166499
26 0.99389 -0.11004 -0.00862349 0.043808 0.110296 0.993123 0.0392585 -0.0870173 0.00424418 -0.0399698 0.999192 0.169595
27 0.994122 -0.108125 -0.00544081 0.0462072 0.108254 0.993401 0.0378786 -0.0872412 0.0013093 -0.038245 0.999268 0.177019
28 0.99389 -0.110352 -0.00212284 0.0464521 0.110349 0.993102 0.039634 -0.0890856 -0.00226548 -0.0396261 0.999212 0.178965
29 0.993796 -0.111216 -0.000695579 0.0483073 0.111153 0.992979 0.0404739 -0.08936 -0.00381067 -0.0403001 0.99918 0.183562
30 0.993281 -0.115723 -0.00138611 0.0510973 0.115672 0.992326 0.043693 -0.092398 -0.0036808 -0.0435598 0.999044 0.191165
31 0.993174 -0.116635 -0.00149234 0.0513271 0.11658 0.992117 0.0459698 -0.0933149 -0.00388111 -0.0458299 0.998942 0.193099
32 0.993796 -0.111219 -0.000100692 0.0548567 0.111103 0.992723 0.0464535 -0.0938096 -0.00506654 -0.0461765 0.99892 0.202089
33 0.993834 -0.110854 0.00219185 0.0558159 0.110632 0.992767 0.0466325 -0.0951122 -0.00734537 -0.0461024 0.99891 0.205311
34 0.993734 -0.111698 0.00409073 0.0566296 0.111373 0.992611 0.0481655 -0.0962332 -0.00944048 -0.0474081 0.998831 0.208378
35 0.992962 -0.11843 -0.00119934 0.0633721 0.118319 0.991478 0.0545216 -0.100464 -0.00526789 -0.0542798 0.998512 0.220272
36 0.992949 -0.118475 -0.00388697 0.0666656 0.118514 0.991546 0.0528244 -0.101044 -0.00240426 -0.0529126 0.998596 0.227241
37 0.992785 -0.119903 -0.000990264 0.066196 0.119793 0.991446 0.0518183 -0.101647 -0.00523139 -0.051563 0.998656 0.228429
38 0.992557 -0.121781 0.000433289 0.0697989 0.121572 0.991055 0.0550555 -0.104558 -0.00713411 -0.054593 0.998483 0.235953
39 0.993404 -0.114661 0.000802452 0.0719462 0.114441 0.991888 0.0553345 -0.104843 -0.00714065 -0.0548777 0.998468 0.239548
40 0.993477 -0.113991 0.00312868 0.0765356 0.113624 0.991857 0.057533 -0.106034 -0.00966145 -0.0568022 0.998339 0.24692
41 0.993141 -0.116707 0.00708673 0.0830155 0.116151 0.99173 0.0545963 -0.109162 -0.0133999 -0.0533987 0.998483 0.258168
42 0.993087 -0.117217 0.00612292 0.0850793 0.116721 0.991701 0.0539096 -0.110691 -0.0123912 -0.0528223 0.998527 0.262045
43 0.993112 -0.117143 0.00242723 0.0889552 0.116857 0.991773 0.0522548 -0.112721 -0.00852854 -0.0516112 0.998631 0.269314
44 0.993191 -0.116495 0.0011046 0.0923973 0.116288 0.991908 0.0509424 -0.113481 -0.00703021 -0.0504671 0.998701 0.274348
45 0.99347 -0.114086 0.000982512 0.0942364 0.113898 0.992259 0.0494903 -0.114927 -0.00662106 -0.0490552 0.998774 0.276381
46 0.993569 -0.113169 0.00355348 0.0947982 0.112838 0.992281 0.0514462 -0.115588 -0.00934817 -0.0507144 0.998669 0.278411
47 0.993781 -0.111318 0.00293537 0.0993961 0.111011 0.992427 0.0525884 -0.11685 -0.00876716 -0.0519354 0.998612 0.286424
48 0.993787 -0.110851 0.0099236 0.100315 0.110181 0.992508 0.0528109 -0.118591 -0.0157034 -0.0513894 0.998555 0.29094
49 0.993694 -0.111806 0.0085147 0.104109 0.111177 0.992283 0.054898 -0.119905 -0.0145869 -0.0536052 0.998456 0.297787
50 0.993694 -0.111733 0.00942818 0.104137 0.111045 0.992262 0.0555402 -0.120916 -0.0155609 -0.054143 0.998412 0.2998
51 0.993575 -0.112835 0.00878156 0.105128 0.112124 0.991926 0.0592533 -0.122002 -0.0153965 -0.057888 0.998204 0.303725
52 0.993672 -0.112181 0.00559933 0.111676 0.111675 0.992068 0.0576986 -0.123922 -0.0120276 -0.0567082 0.998318 0.316797
53 0.993872 -0.110279 0.00754789 0.109474 0.109659 0.992265 0.0581858 -0.12548 -0.0139062 -0.0570015 0.998277 0.315239
54 0.993626 -0.112659 0.0038142 0.111472 0.112211 0.991768 0.06168 -0.126461 -0.0107316 -0.0608589 0.998089 0.32001
55 0.993312 -0.115454 -0.000899837 0.114772 0.115277 0.991294 0.0636178 -0.12726 -0.00645292 -0.0632961 0.997974 0.326801
56 0.993211 -0.116316 -0.00144711 0.114168 0.116167 0.991136 0.0644491 -0.128018 -0.00606221 -0.0641797 0.99792 0.328107
57 0.992944 -0.118244 -0.00899297 0.118116 0.118582 0.990562 0.0687403 -0.129609 0.000779993 -0.0693217 0.997594 0.337949
58 0.992811 -0.119122 -0.0116458 0.121392 0.119639 0.990512 0.0676141 -0.130182 0.00348104 -0.0685213 0.997644 0.34363
59 0.99281 -0.119359 -0.0090217 0.121375 0.119696 0.990563 0.0667616 -0.130687 0.000967959 -0.0673615 0.997728 0.345484
60 0.992589 -0.121325 -0.00683173 0.122216 0.121511 0.990352 0.0666238 -0.131131 -0.00131735 -0.0669602 0.997755 0.348856
61 0.992325 -0.123498 -0.00623306 0.124265 0.123637 0.990064 0.0669895 -0.132195 -0.00210191 -0.067246 0.997734 0.35311
62 0.992799 -0.119716 -0.00435034 0.124974 0.119749 0.990764 0.0636177 -0.132513 -0.00330587 -0.0636805 0.997965 0.356035
63 0.992331 -0.123447 -0.00630049 0.128322 0.123596 0.990236 0.0644709 -0.134416 -0.00171977 -0.0647552 0.9979 0.364806
64 0.991762 -0.127831 -0.00816946 0.130987 0.128092 0.98988 0.0610803 -0.135114 0.000278792 -0.0616236 0.998099 0.370909
65 0.991206 -0.132069 -0.00828998 0.130869 0.132328 0.989491 0.0582838 -0.136297 0.000505384 -0.0588682 0.998266 0.372074
66 0.990788 -0.13506 -0.00986725 0.131293 0.135405 0.989116 0.0575833 -0.13738 0.00198265 -0.058389 0.998292 0.374477
67 0.990424 -0.137466 -0.0128172 0.135053 0.137965 0.988935 0.0545308 -0.137566 0.00517918 -0.0557769 0.99843 0.381044
68 0.989823 -0.141773 -0.0123211 0.136612 0.142215 0.988585 0.0497508 -0.138131 0.00512713 -0.0509967 0.998686 0.384976
69 0.9893 -0.145545 -0.010097 0.135384 0.145866 0.988112 0.0485467 -0.139993 0.00291117 -0.0495001 0.99877 0.384612
70 0.988149 -0.153114 -0.0108551 0.139415 0.153457 0.987043 0.0468693 -0.14133 0.00353813 -0.0479796 0.998842 0.392976
71 0.988227 -0.152723 -0.0090781 0.139036 0.152979 0.987197 0.0451659 -0.142553 0.00206397 -0.046023 0.998938 0.392996
72 0.988009 -0.154132 -0.00902641 0.139832 0.154383 0.986984 0.0450393 -0.143141 0.00196693 -0.0458928 0.998944 0.395551
73 0.987603 -0.156657 -0.00997351 0.142602 0.156947 0.98662 0.0441491 -0.143834 0.00292381 -0.045167 0.998975 0.401318
74 0.98716 -0.159503 -0.00856358 0.142668 0.159723 0.98627 0.0419483 -0.144573 0.00175515 -0.0427775 0.999083 0.402352
75 0.986827 -0.16162 -0.00714441 0.142116 0.161777 0.985909 0.0425512 -0.14518 0.000166638 -0.0431465 0.999069 0.402793
76 0.986555 -0.16325 -0.00762661 0.144581 0.163426 0.985659 0.0420415 -0.145501 0.000653992 -0.0427226 0.999087 0.407665
77 0.986403 -0.164203 -0.00686971 0.146074 0.164346 0.985605 0.0396655 -0.146001 0.00025762 -0.0402552 0.999189 0.411294
78 0.986348 -0.164558 -0.00621949 0.147089 0.164675 0.985676 0.0363996 -0.146443 0.000140579 -0.0369268 0.999318 0.413756
79 0.986015 -0.166538 -0.00631395 0.14406 0.166657 0.985458 0.033149 -0.147882 0.00070155 -0.0337377 0.99943 0.41065
80 0.985497 -0.16908 -0.0143878 0.145009 0.169495 0.98489 0.0355357 -0.149191 0.00816201 -0.037459 0.999265 0.416376
81 0.98521 -0.169654 -0.0240778 0.149002 0.17033 0.984943 0.0295717 -0.148076 0.0186983 -0.0332355 0.999273 0.420751
82 0.985272 -0.169062 -0.0256173 0.147045 0.169719 0.985147 0.0260916 -0.148412 0.0208257 -0.0300551 0.999331 0.417268
83 0.984938 -0.170283 -0.0300143 0.148458 0.171052 0.984939 0.0252237 -0.148641 0.0252671 -0.0299778 0.999231 0.419916
84 0.984672 -0.170655 -0.0360286 0.151831 0.171453 0.984982 0.0203557 -0.14839 0.0320137 -0.026221 0.999143 0.425154
85 0.985764 -0.16384 -0.0377546 0.148851 0.164214 0.9864 0.00701785 -0.149895 0.0360914 -0.0131178 0.999262 0.419304
86 0.985631 -0.163401 -0.0428071 0.150636 0.163829 0.986466 0.00666172 -0.149556 0.0411393 -0.0135791 0.999061 0.422139
87 0.985 -0.165519 -0.0487774 0.153735 0.16562 0.986188 -0.00199065 -0.149121 0.0484332 -0.00611774 0.998808 0.427246
88 0.98484 -0.166436 -0.0488775 0.150306 0.166265 0.986052 -0.00757072 -0.14974 0.0494558 -0.000670657 0.998776 0.420999
89 0.984444 -0.164145 -0.0626566 0.153837 0.163444 0.98642 -0.0161904 -0.148826 0.0644633 0.00569771 0.997904 0.425911
90 0.984588 -0.162705 -0.0641315 0.151685 0.161562 0.986602 -0.0226624 -0.149316 0.0669596 0.0119519 0.997684 0.421591
91 0.984774 -0.160752 -0.0661736 0.149775 0.159506 0.986912 -0.023735 -0.149656 0.069123 0.0128185 0.997526 0.417232
92 0.984215 -0.161334 -0.0727439 0.152297 0.159866 0.986807 -0.0256037 -0.149481 0.0759149 0.0135702 0.997022 0.420371
93 0.984027 -0.160731 -0.0765328 0.152035 0.158835 0.98684 -0.0302865 -0.148969 0.0803937 0.0176467 0.996607 0.419275
94 0.982957 -0.159292 -0.091773 0.157017 0.155932 0.986843 -0.0427362 -0.146394 0.0973731 0.0276975 0.994862 0.41827
95 0.9823 -0.156505 -0.102918 0.160146 0.152202 0.987161 -0.0484574 -0.146514 0.10918 0.0319354 0.993509 0.418937
96 0.981931 -0.153935 -0.110067 0.162146 0.14852 0.987331 -0.0558549 -0.145784 0.117271 0.0384984 0.992353 0.419483
97 0.981708 -0.150425 -0.116716 0.161789 0.14345 0.987449 -0.0660737 -0.144857 0.12519 0.0481223 0.990965 0.412742
98 0.981763 -0.148134 -0.119151 0.162542 0.140911 0.987755 -0.0669636 -0.144204 0.127611 0.0489528 0.990615 0.410353
99 0.981885 -0.146448 -0.120231 0.164131 0.139178 0.988009 -0.0668346 -0.143411 0.128578 0.0488903 0.990494 0.409525
100 0.981518 -0.148234 -0.121037 0.167575 0.140337 0.987526 -0.0713975 -0.143285 0.130111 0.0530919 0.990077 0.410606
101 0.981983 -0.145089 -0.121073 0.168009 0.136903 0.987859 -0.073433 -0.142412 0.130258 0.0555347 0.989924 0.407767
102 0.982151 -0.141258 -0.124197 0.171469 0.13265 0.988315 -0.0750825 -0.142132 0.133351 0.0572678 0.989413 0.408389
103 0.981886 -0.136745 -0.131151 0.176301 0.127406 0.988844 -0.0771703 -0.141415 0.14024 0.059063 0.988354 0.408409
104 0.982296 -0.12644 -0.138231 0.179239 0.11697 0.990327 -0.074637 -0.140427 0.146331 0.0571467 0.987584 0.405818
105 0.982041 -0.123131 -0.142949 0.182825 0.113106 0.99065 -0.0762862 -0.139857 0.151005 0.0587478 0.986786 0.40801
106 0.982254 -0.120129 -0.144036 0.183632 0.109695 0.990873 -0.0783447 -0.139529 0.152133 0.0611545 0.986466 0.405708
107 0.98163 -0.111217 -0.155026 0.188254 0.099204 0.991582 -0.0832075 -0.139029 0.162975 0.0662998 0.9844 0.408592
108 0.981153 -0.108068 -0.160187 0.189171 0.0949785 0.991648 -0.0872547 -0.138366 0.168279 0.070396 0.983223 0.406256
109 0.980357 -0.105148 -0.166868 0.190439 0.0912649 0.991858 -0.0888113 -0.13814 0.174848 0.0718375 0.981971 0.404722
110 0.978085 -0.103887 -0.180434 0.196658 0.088671 0.991945 -0.0904626 -0.137581 0.188379 0.0724808 0.979418 0.40673
111 0.975758 -0.0986936 -0.195334 0.200782 0.0818351 0.992336 -0.0925896 -0.136689 0.202975 0.0743599 0.976356 0.406115
112 0.975075 -0.0973741 -0.199368 0.203393 0.0796776 0.992288 -0.0949578 -0.136274 0.207077 0.0767058 0.975313 0.406857
113 0.974425 -0.096767 -0.20281 0.204909 0.078337 0.992194 -0.0970271 -0.135922 0.210616 0.0786581 0.974399 0.405528
114 0.973419 -0.0942814 -0.208727 0.206763 0.0752438 0.992401 -0.0973579 -0.135617 0.21632 0.0790645 0.973116 0.404967
115 0.970748 -0.0911838 -0.222111 0.210449 0.0706749 0.992613 -0.0986115 -0.134884 0.229462 0.0800292 0.970022 0.404719
116 0.967088 -0.0907851 -0.237694 0.21763 0.068858 0.992703 -0.0989965 -0.134805 0.244947 0.0793713 0.966282 0.407199
117 0.965521 -0.0875264 -0.245168 0.219377 0.0644869 0.992846 -0.100489 -0.134265 0.25221 0.0812142 0.964258 0.407166
118 0.961879 -0.0854697 -0.259778 0.222545 0.0601667 0.992771 -0.103853 -0.133902 0.266776 0.0842644 0.960068 0.406336
119 0.959679 -0.0834158 -0.268434 0.224065 0.0571788 0.992919 -0.104129 -0.133756 0.27522 0.0845816 0.957653 0.405788
120 0.955574 -0.077189 -0.284464 0.22678 0.0489697 0.993264 -0.105021 -0.132946 0.290654 0.0864255 0.952917 0.405078
121 0.950611 -0.0761584 -0.300896 0.234751 0.0451987 0.993062 -0.108555 -0.133073 0.307076 0.0895933 0.947458 0.408226
122 0.948478 -0.0736461 -0.308165 0.236324 0.0403203 0.992759 -0.113153 -0.132732 0.314267 0.094898 0.94458 0.407405
123 0.942213 -0.0678501 -0.328072 0.239959 0.0301795 0.992485 -0.118586 -0.132491 0.333652 0.101832 0.93718 0.405605
124 0.938579 -0.0647163 -0.338941 0.241272 0.0251393 0.99247 -0.119884 -0.132232 0.344147 0.104 0.933138 0.404404
125 0.93061 -0.0577368 -0.361431 0.243256 0.0146472 0.992564 -0.120843 -0.131785 0.36572 0.107164 0.924535 0.402793
126 0.923733 -0.0570139 -0.37877 0.250184 0.0110809 0.992424 -0.12236 -0.131197 0.382876 0.108831 0.917367 0.40423
127 0.917378 -0.0508081 -0.394761 0.251451 0.000987774 0.992106 -0.125395 -0.1309 0.398016 0.114644 0.910187 0.40319
128 0.914452 -0.0480818 -0.401828 0.252771 -0.0043394 0.991695 -0.128539 -0.130514 0.404671 0.119287 0.906649 0.402479
129 0.908746 -0.0427331 -0.415155 0.255631 -0.0137827 0.991129 -0.132189 -0.129992 0.417121 0.125848 0.900096 0.400553
130 0.906071 -0.0401366 -0.421218 0.256739 -0.0184247 0.990804 -0.134044 -0.129815 0.422725 0.129214 0.896999 0.400263
131 0.900711 -0.0377529 -0.432776 0.259346 -0.0248264 0.990115 -0.138042 -0.129333 0.433709 0.13508 0.89087 0.399005
132 0.895363 -0.03577 -0.443898 0.263965 -0.0296902 0.989757 -0.139643 -0.12927 0.444346 0.13821 0.88513 0.400316
133 0.888886 -0.0318362 -0.457022 0.266598 -0.0387957 0.988768 -0.144334 -0.128967 0.456483 0.146027 0.877667 0.399133
134 0.884889 -0.0280891 -0.464954 0.268713 -0.0444063 0.988547 -0.144234 -0.128504 0.46368 0.148278 0.873507 0.397974
135 0.877754 -0.0231712 -0.47855 0.268199 -0.0541447 0.987634 -0.147133 -0.128568 0.476041 0.155057 0.865645 0.398157
136 0.873473 -0.021207 -0.48641 0.270448 -0.0584751 0.98725 -0.14805 -0.12803 0.483348 0.157761 0.861096 0.396424
137 0.866522 -0.0167914 -0.498857 0.270052 -0.0655959 0.986935 -0.147161 -0.128084 0.49481 0.160241 0.854099 0.395877
138 0.863008 -0.0157687 -0.504945 0.272878 -0.0685188 0.986623 -0.147917 -0.128462 0.500523 0.162252 0.850383 0.395056
139 0.858701 -0.011177 -0.512355 0.274145 -0.0759021 0.985962 -0.14872 -0.128203 0.506825 0.166595 0.845798 0.393777
140 0.856385 -0.0102066 -0.516236 0.274008 -0.0787148 0.985538 -0.150065 -0.128222 0.510302 0.169149 0.843197 0.393317
141 0.850614 -0.00859488 -0.525721 0.275611 -0.0851763 0.984407 -0.153909 -0.127623 0.518846 0.175696 0.836618 0.391396
142 0.847502 -0.00794591 -0.530732 0.275441 -0.0880536 0.983929 -0.15534 -0.127647 0.523437 0.178384 0.833182 0.391035
143 0.840916 -0.00465488 -0.541145 0.275572 -0.0961522 0.982767 -0.15787 -0.127434 0.532555 0.184788 0.825978 0.389749
144 0.837358 -0.00322015 -0.546646 0.276477 -0.100638 0.981983 -0.159943 -0.127167 0.537312 0.188942 0.821947 0.389071
145 0.830759 0.000602777 -0.556632 0.279237 -0.108657 0.980938 -0.161106 -0.12681 0.545924 0.194322 0.814988 0.387156
146 0.822313 0.00284845 -0.569028 0.28227 -0.115728 0.979925 -0.162336 -0.126119 0.557143 0.199344 0.806135 0.385402
147 0.817429 0.00474982 -0.576009 0.282811 -0.119569 0.979585 -0.161605 -0.125891 0.563483 0.200974 0.80131 0.384673
148 0.809889 0.0065962 -0.586546 0.280446 -0.125693 0.978662 -0.162548 -0.126117 0.572958 0.205371 0.793437 0.386484
149 0.805393 0.00629977 -0.592708 0.282649 -0.127961 0.978213 -0.163481 -0.125755 0.578764 0.20751 0.788652 0.384521
150 0.796574 0.00996096 -0.604458 0.283115 -0.134253 0.977812 -0.16081 -0.125663 0.589445 0.209247 0.780237 0.38486
151 0.788591 0.0130109 -0.614781 0.284052 -0.141638 0.976737 -0.16101 -0.125598 0.598384 0.214048 0.772088 0.384939
152 0.780986 0.0127567 -0.624418 0.281996 -0.146679 0.975574 -0.163526 -0.125832 0.60708 0.219301 0.763781 0.386827
153 0.77522 0.0120319 -0.631577 0.284091 -0.149248 0.975001 -0.164617 -0.125715 0.613807 0.221876 0.757636 0.386998
154 0.765544 0.0155878 -0.643195 0.28443 -0.154883 0.974772 -0.160721 -0.125535 0.624463 0.222659 0.748645 0.386495
155 0.754786 0.0207834 -0.655641 0.286243 -0.161703 0.974549 -0.155263 -0.124964 0.635728 0.223209 0.738937 0.384525
156 0.749573 0.0238292 -0.661493 0.284834 -0.16409 0.974847 -0.150822 -0.125574 0.641261 0.221597 0.734629 0.387159
157 0.741416 0.0250671 -0.670577 0.284435 -0.16891 0.974098 -0.15034 -0.125674 0.649439 0.224732 0.726446 0.388715
158 0.734914 0.0265091 -0.677642 0.282483 -0.172191 0.973783 -0.14865 -0.126064 0.655935 0.225929 0.720212 0.391159
159 0.732788 0.0263401 -0.679947 0.28222 -0.173918 0.973311 -0.149729 -0.126249 0.657856 0.227975 0.717811 0.391058
160 0.72578 0.0273437 -0.687384 0.281159 -0.177851 0.972698 -0.149092 -0.126024 0.66454 0.23046 0.710827 0.391562
161 0.723519 0.0296135 -0.689669 0.277977 -0.182219 0.971836 -0.149434 -0.126404 0.66582 0.233789 0.708538 0.391477
162 0.713063 0.0321729 -0.700362 0.277222 -0.190216 0.970356 -0.14909 -0.126514 0.674803 0.239531 0.698044 0.392622
163 0.705287 0.0320846 -0.708196 0.279683 -0.197121 0.968456 -0.152436 -0.125959 0.680965 0.247111 0.689364 0.390911
164 0.70179 0.0340347 -0.711571 0.279774 -0.199921 0.968128 -0.150867 -0.125941 0.683756 0.248134 0.686226 0.390752
165 0.695614 0.0347183 -0.717576 0.28019 -0.203697 0.967372 -0.150659 -0.125961 0.688933 0.250969 0.67999 0.389991
166 0.688115 0.0373329 -0.724641 0.278893 -0.208831 0.96661 -0.148506 -0.126091 0.694901 0.253516 0.672935 0.391412
167 0.683966 0.0378859 -0.72853 0.280084 -0.211761 0.965962 -0.148574 -0.125869 0.698103 0.255894 0.668708 0.389792
168 0.673554 0.040995 -0.738001 0.281278 -0.21859 0.964847 -0.145905 -0.125547 0.706076 0.259595 0.658837 0.389155
169 0.669066 0.0445002 -0.74187 0.278766 -0.223977 0.96387 -0.144181 -0.125324 0.70865 0.262628 0.65486 0.386608
170 0.664949 0.046692 -0.745428 0.279314 -0.226571 0.963624 -0.141751 -0.125224 0.711694 0.26315 0.65134 0.386068
171 0.657834 0.0520053 -0.751365 0.280269 -0.230917 0.963494 -0.135485 -0.125118 0.71689 0.26263 0.645828 0.384773
172 0.649746 0.0584654 -0.7579 0.280747 -0.235195 0.963576 -0.127301 -0.125013 0.722851 0.260967 0.63983 0.384142
173 0.645729 0.0622527 -0.761025 0.281645 -0.236292 0.964039 -0.121634 -0.124943 0.726085 0.258367 0.637218 0.383359
174 0.639295 0.0680052 -0.765948 0.280792 -0.238249 0.964583 -0.113212 -0.124983 0.731122 0.254862 0.632855 0.384574
175 0.634437 0.0756105 -0.769268 0.282902 -0.241269 0.964854 -0.104147 -0.124891 0.734356 0.251676 0.630381 0.382381
176 0.632102 0.0821101 -0.770523 0.282324 -0.240093 0.966188 -0.0940004 -0.125102 0.736752 0.244415 0.630443 0.382697
177 0.627835 0.0838276 -0.773819 0.28191 -0.236039 0.967872 -0.08666 -0.124877 0.741693 0.23706 0.62745 0.383118
178 0.624385 0.0879852 -0.776146 0.28081 -0.235149 0.968714 -0.0793549 -0.125308 0.744881 0.232058 0.62554 0.383227
179 0.615756 0.0941827 -0.782288 0.280422 -0.23207 0.970469 -0.0658284 -0.12533 0.752986 0.222079 0.619429 0.383619
180 0.602176 0.10027 -0.792041 0.279857 -0.229754 0.971878 -0.0516408 -0.125417 0.764589 0.213071 0.608279 0.38414
181 0.595407 0.105115 -0.796518 0.279212 -0.230539 0.972066 -0.0440488 -0.12535 0.769637 0.209855 0.603008 0.384777
182 0.586091 0.106792 -0.803176 0.278535 -0.231661 0.971982 -0.03981 -0.125388 0.776421 0.209397 0.59441 0.385521
183 0.581486 0.109265 -0.806185 0.278364 -0.231906 0.97209 -0.0355185 -0.125476 0.779804 0.207612 0.590596 0.385652
184 0.575109 0.113419 -0.810177 0.277508 -0.235246 0.971441 -0.0309962 -0.125537 0.783524 0.208417 0.585366 0.38643
185 0.57419 0.111377 -0.811111 0.276677 -0.233918 0.971724 -0.0321601 -0.125872 0.784595 0.208199 0.584007 0.387272
186 0.571059 0.113338 -0.813048 0.276544 -0.23486 0.971581 -0.0295207 -0.125917 0.786596 0.207811 0.581448 0.387359
187 0.568572 0.11313 -0.814817 0.276434 -0.233574 0.971935 -0.0280413 -0.125939 0.788777 0.206264 0.579039 0.387482
188 0.561275 0.112785 -0.819908 0.276341 -0.231919 0.972414 -0.0249992 -0.125943 0.794471 0.204184 0.571949 0.38748
189 0.550357 0.115759 -0.826866 0.27624 -0.232915 0.972313 -0.0189063 -0.126033 0.801784 0.202995 0.562082 0.38761
190 0.545202 0.118428 -0.829897 0.276201 -0.235545 0.971731 -0.0160734 -0.125966 0.804533 0.204241 0.557684 0.387597
191 0.535821 0.121978 -0.835475 0.276131 -0.237558 0.971316 -0.0105444 -0.126001 0.810224 0.204123 0.549428 0.387714
192 0.526794 0.131152 -0.839814 0.275877 -0.237261 0.971442 0.00288097 -0.126141 0.816208 0.197737 0.542867 0.388105
193 0.524094 0.137489 -0.840489 0.275906 -0.23853 0.971082 0.0101147 -0.126117 0.817575 0.195181 0.541734 0.388049
194 0.521618 0.148402 -0.840174 0.275663 -0.236949 0.971215 0.0244388 -0.126136 0.819616 0.186331 0.541767 0.388389
195 0.523646 0.150827 -0.838479 0.27477 -0.233397 0.971947 0.0290744 -0.126205 0.819342 0.180474 0.544158 0.388095
196 0.529056 0.158953 -0.833567 0.274605 -0.229123 0.972574 0.0400389 -0.126244 0.81707 0.169806 0.550966 0.388099
197 0.533634 0.162174 -0.830021 0.27448 -0.225948 0.973106 0.0448647 -0.12618 0.814974 0.1636 0.555925 0.388218
198 0.543453 0.164811 -0.823102 0.274488 -0.217368 0.974722 0.0516525 -0.126221 0.810808 0.150845 0.56554 0.387887
199 0.548572 0.166835 -0.819289 0.274508 -0.212684 0.975501 0.0562386 -0.12625 0.808601 0.143399 0.570615 0.387701
200 0.557297 0.173676 -0.811946 0.274285 -0.201807 0.976889 0.0704433 -0.126254 0.805415 0.124598 0.579466 0.387922
201 0.563323 0.173805 -0.807749 0.274438 -0.194756 0.978009 0.0746174 -0.126254 0.802955 0.115281 0.584785 0.387145
202 0.569049 0.176574 -0.803122 0.275169 -0.189333 0.978567 0.080996 -0.125866 0.80021 0.105967 0.590283 0.385438
203 0.578002 0.181603 -0.795572 0.274939 -0.181564 0.979105 0.0915863 -0.125759 0.79558 0.0915103 0.598897 0.385681
204 0.581947 0.181598 -0.792692 0.274958 -0.176595 0.979708 0.0947965 -0.125803 0.793821 0.0848185 0.602207 0.385474
205 0.588583 0.185103 -0.786961 0.274828 -0.170264 0.979984 0.103161 -0.125773 0.790304 0.0732723 0.608318 0.385594
206 0.591695 0.186216 -0.78436 0.274692 -0.168252 0.980055 0.105752 -0.125613 0.788408 0.0693969 0.611225 0.385829
207 0.595956 0.185922 -0.781198 0.274535 -0.16519 0.980406 0.107313 -0.125764 0.785843 0.0650923 0.614991 0.385704
208 0.606086 0.188014 -0.772859 0.274537 -0.159623 0.980645 0.113384 -0.125708 0.779218 0.0546452 0.624366 0.385682
209 0.611334 0.18777 -0.768774 0.274509 -0.155237 0.981023 0.116166 -0.125691 0.775998 0.0483257 0.628882 0.385726
210 0.616736 0.187306 -0.76456 0.274351 -0.149726 0.981459 0.119667 -0.125728 0.772799 0.0406715 0.633346 0.385642
211 0.622862 0.187448 -0.759544 0.274118 -0.144203 0.981744 0.124031 -0.125728 0.768927 0.0322739 0.638522 0.385714
212 0.636118 0.185207 -0.749034 0.273808 -0.126343 0.982664 0.135678 -0.125774 0.761178 0.0083284 0.64849 0.385616
213 0.64193 0.182205 -0.7448 0.273587 -0.117027 0.983257 0.139677 -0.125746 0.75778 -0.00250135 0.652506 0.385916
214 0.647463 0.180285 -0.740466 0.273461 -0.109078 0.983535 0.144088 -0.125753 0.754251 -0.0125236 0.656467 0.386114
215 0.652408 0.182535 -0.735557 0.272546 -0.105381 0.982982 0.150467 -0.125833 0.750505 -0.0206525 0.660541 0.385343
216 0.656854 0.182125 -0.731692 0.272162 -0.0996002 0.982845 0.155226 -0.125789 0.74741 -0.0290842 0.663726 0.385745
217 0.660886 0.180904 -0.728357 0.271806 -0.0958762 0.982912 0.157134 -0.125712 0.744337 -0.0340154 0.666937 0.386378
218 0.665126 0.178686 -0.725037 0.27165 -0.0936031 0.98324 0.156452 -0.125728 0.740842 -0.0361942 0.670704 0.386583
219 0.673652 0.178363 -0.717203 0.271206 -0.0887685 0.982942 0.161073 -0.125754 0.733698 -0.0448421 0.677994 0.386743
220 0.677978 0.176479 -0.713583 0.27099 -0.0860216 0.983131 0.161412 -0.125659 0.730032 -0.0480504 0.681722 0.386996
221 0.682464 0.174287 -0.709836 0.27077 -0.0842189 0.983437 0.160493 -0.12561 0.726051 -0.0497488 0.685839 0.387369
222 0.688422 0.171305 -0.704791 0.270574 -0.0807552 0.98377 0.160234 -0.12575 0.720801 -0.0533933 0.691083 0.386936
223 0.693709 0.16975 -0.699966 0.270332 -0.077742 0.9838 0.161536 -0.125752 0.716047 -0.0576426 0.695668 0.387126
224 0.699076 0.166715 -0.69534 0.270092 -0.0738594 0.984075 0.161685 -0.125729 0.711222 -0.061673 0.700257 0.387479
225 0.710472 0.157864 -0.685791 0.269756 -0.0640101 0.984971 0.16042 -0.125644 0.700809 -0.0700762 0.709899 0.387658
226 0.717285 0.150514 -0.680329 0.267829 -0.0575795 0.985855 0.1574 -0.125471 0.694397 -0.0737278 0.715805 0.387974
227 0.722389 0.140314 -0.677101 0.267508 -0.0491632 0.98714 0.152111 -0.125386 0.689737 -0.076595 0.719998 0.388111
228 0.726671 0.133525 -0.673884 0.267685 -0.0428593 0.98783 0.149515 -0.125549 0.685647 -0.0797657 0.723551 0.387788
229 0.731442 0.131256 -0.669152 0.26735 -0.0392342 0.987775 0.150869 -0.125741 0.680774 -0.084098 0.72765 0.388021
230 0.736903 0.128058 -0.663758 0.266996 -0.0347295 0.987768 0.152012 -0.125702 0.675106 -0.088966 0.732337 0.388322
231 0.750242 0.117745 -0.650595 0.266205 -0.024315 0.988263 0.150817 -0.125591 0.660716 -0.0973302 0.744299 0.388882
232 0.754662 0.116563 -0.645676 0.266628 -0.0213108 0.987928 0.153441 -0.125817 0.655767 -0.102036 0.748036 0.388675
233 0.760955 0.114252 -0.638666 0.265438 -0.0163532 0.987438 0.15716 -0.125787 0.648598 -0.109148 0.753264 0.389564
234 0.769192 0.105533 -0.630243 0.264226 -0.00935783 0.988023 0.154022 -0.125498 0.638949 -0.112575 0.760967 0.39008
235 0.776665 0.099593 -0.621991 0.261694 -0.00402589 0.988187 0.153201 -0.125706 0.629901 -0.116482 0.767891 0.39104
236 0.781974 0.0949787 -0.616033 0.261027 0.00188194 0.987958 0.15471 -0.125625 0.623309 -0.122139 0.772378 0.391606
237 0.787368 0.0868091 -0.610341 0.260115 0.00942104 0.988226 0.152709 -0.125324 0.616412 -0.125988 0.777279 0.392451
238 0.792297 0.0794835 -0.604936 0.260072 0.0159769 0.988436 0.150797 -0.125432 0.609926 -0.129141 0.781865 0.392245
239 0.801768 0.0689182 -0.593649 0.258837 0.0270817 0.988118 0.151289 -0.125388 0.597022 -0.137376 0.790375 0.393383
240 0.807164 0.0613353 -0.587133 0.258105 0.032937 0.988359 0.14853 -0.125208 0.589408 -0.139226 0.795747 0.394048
241 0.812284 0.0559866 -0.58057 0.257689 0.0364502 0.988564 0.146329 -0.125314 0.582123 -0.140023 0.800954 0.394481
242 0.818113 0.0512726 -0.572767 0.257509 0.0395269 0.988648 0.14496 -0.125468 0.573697 -0.141233 0.806799 0.394558
243 0.825791 0.0504648 -0.561714 0.254672 0.038796 0.988546 0.145847 -0.12538 0.56264 -0.142231 0.814375 0.396142
244 0.834519 0.0430633 -0.549294 0.253179 0.0444611 0.988427 0.145038 -0.125186 0.549183 -0.145459 0.822946 0.397082
245 0.842677 0.0354779 -0.537249 0.252399 0.0489577 0.988644 0.142077 -0.125144 0.536189 -0.146027 0.831371 0.397655
246 0.850923 0.0277406 -0.524557 0.251765 0.0528121 0.989027 0.137974 -0.125122 0.522628 -0.145108 0.840121 0.3982
247 0.85786 0.0181448 -0.513562 0.251622 0.0587952 0.989348 0.133167 -0.124883 0.510508 -0.144434 0.847656 0.398408
248 0.863456 0.0123742 -0.504272 0.249354 0.060552 0.989927 0.127974 -0.124392 0.500776 -0.141034 0.85401 0.400185
249 0.86722 0.00210427 -0.497921 0.248985 0.0676962 0.990208 0.12209 -0.124232 0.493302 -0.139586 0.858585 0.400547
250 0.8695 -0.00324759 -0.493922 0.250667 0.0724735 0.989994 0.121073 -0.124663 0.488587 -0.141069 0.861036 0.399695
251 0.874393 -0.00686666 -0.48517 0.249283 0.0763251 0.989398 0.123553 -0.124694 0.479178 -0.145065 0.865647 0.400619
252 0.880376 -0.0140122 -0.47407 0.247439 0.081539 0.989152 0.122186 -0.124416 0.467216 -0.146225 0.871968 0.401918
253 0.885363 -0.0208339 -0.464433 0.247054 0.0855501 0.989237 0.118711 -0.124264 0.456961 -0.144834 0.877616 0.402321
254 0.889306 -0.0270095 -0.456514 0.246683 0.0891129 0.989353 0.11506 -0.124093 0.448546 -0.143005 0.882245 0.402671
255 0.895103 -0.035984 -0.444405 0.24208 0.0908308 0.990552 0.102742 -0.12331 0.436509 -0.13233 0.889915 0.406105
256 0.896491 -0.0410703 -0.441154 0.241877 0.0917159 0.99133 0.0940904 -0.123234 0.433464 -0.124812 0.892486 0.40628
257 0.897531 -0.0455487 -0.438593 0.241423 0.0935855 0.991668 0.0885255 -0.123313 0.430906 -0.1205 0.894315 0.406747
258 0.899 -0.0502299 -0.435058 0.240805 0.0953041 0.992032 0.0823997 -0.123191 0.427453 -0.11554 0.896624 0.407287
259 0.899816 -0.055822 -0.432684 0.239952 0.0978247 0.992342 0.0754121 -0.122956 0.425161 -0.110184 0.898386 0.408036
260 0.901142 -0.0641822 -0.428746 0.238483 0.100654 0.99293 0.0629167 -0.122614 0.421677 -0.099852 0.901232 0.409112
261 0.902176 -0.0666567 -0.426188 0.23781 0.0979262 0.993842 0.0518561 -0.123192 0.420106 -0.0885183 0.903147 0.410277
262 0.903887 -0.0683244 -0.422279 0.235456 0.0957826 0.994424 0.0441254 -0.123322 0.41691 -0.0803314 0.905391 0.410889
263 0.903975 -0.0724649 -0.421401 0.234539 0.0957926 0.994806 0.0344222 -0.123256 0.416718 -0.0714839 0.906221 0.411529
264 0.90347 -0.0760836 -0.421844 0.234084 0.0954711 0.995118 0.0249931 -0.12326 0.417884 -0.0628545 0.906324 0.411893
265 0.903388 -0.0804344 -0.421214 0.233819 0.0959247 0.995265 0.0156777 -0.123261 0.417958 -0.0545678 0.906826 0.412
266 0.903715 -0.0841126 -0.419792 0.233625 0.0969017 0.995252 0.00919094 -0.123441 0.417025 -0.0489845 0.907574 0.41207
267 0.904877 -0.0902482 -0.415996 0.232162 0.0998986 0.994997 0.00144064 -0.123261 0.413784 -0.042861 0.909365 0.413339
268 0.9067 -0.0953629 -0.410854 0.231801 0.101779 0.994787 -0.00628688 -0.12347 0.409312 -0.036116 0.911679 0.412904
269 0.910476 -0.10317 -0.400486 0.231141 0.107074 0.99417 -0.0126864 -0.123634 0.39946 -0.0313308 0.916215 0.414254
270 0.915979 -0.104714 -0.387321 0.225525 0.106549 0.994166 -0.0167964 -0.123545 0.38682 -0.0258837 0.921792 0.418007
271 0.919309 -0.111297 -0.37747 0.225011 0.111125 0.993556 -0.022312 -0.123504 0.377521 -0.0214346 0.925753 0.418375
272 0.923063 -0.116875 -0.366463 0.225011 0.115586 0.992969 -0.025543 -0.123491 0.366872 -0.01878 0.930082 0.418341
273 0.927114 -0.122722 -0.354117 0.22434 0.121245 0.99227 -0.0264498 -0.123353 0.354625 -0.0184128 0.934827 0.418846
274 0.931067 -0.12994 -0.340925 0.223467 0.128577 0.99134 -0.0266946 -0.123369 0.341442 -0.0189808 0.939711 0.419684
275 0.937702 -0.140467 -0.31778 0.22219 0.139865 0.989859 -0.0248324 -0.123264 0.318046 -0.0211609 0.947839 0.420911
276 0.942044 -0.142181 -0.303871 0.217906 0.14209 0.989597 -0.0225306 -0.123244 0.303913 -0.0219522 0.952447 0.424234
277 0.945156 -0.147151 -0.291592 0.215635 0.146643 0.988905 -0.023723 -0.123333 0.291848 -0.0203381 0.956249 0.426433
278 0.94755 -0.151577 -0.281378 0.215387 0.150231 0.988296 -0.0264844 -0.123248 0.2821 -0.0171764 0.959231 0.426652
279 0.949449 -0.155142 -0.272906 0.21515 0.153417 0.987771 -0.0277846 -0.123044 0.273879 -0.0154883 0.96164 0.426893
280 0.952957 -0.161324 -0.256609 0.212538 0.158847 0.986832 -0.0304963 -0.123301 0.25815 -0.0116999 0.966034 0.429475
281 0.954807 -0.163016 -0.248536 0.21221 0.159829 0.98659 -0.0330922 -0.123254 0.250597 -0.00812644 0.968057 0.429228
282 0.955757 -0.164743 -0.243698 0.211538 0.161462 0.986309 -0.0335239 -0.123212 0.245884 -0.00730723 0.969272 0.429971
283 0.956675 -0.166417 -0.238911 0.210639 0.162921 0.986038 -0.0344522 -0.123393 0.241309 -0.00596399 0.97043 0.430852
284 0.957669 -0.167449 -0.234162 0.210305 0.163695 0.985871 -0.0355176 -0.123373 0.236801 -0.00431719 0.971549 0.431201
285 0.960325 -0.16879 -0.222004 0.207705 0.164522 0.985652 -0.0377192 -0.123777 0.225186 -0.000301894 0.974316 0.43368
286 0.961799 -0.170973 -0.213803 0.207177 0.166118 0.985269 -0.0406111 -0.123894 0.217597 0.0035433 0.976032 0.434202
287 0.963162 -0.173125 -0.205785 0.206806 0.167785 0.984874 -0.0432618 -0.123812 0.210162 0.00714047 0.977641 0.434607
288 0.964153 -0.174507 -0.199889 0.206753 0.168933 0.984611 -0.0447449 -0.123464 0.204621 0.00937312 0.978796 0.4345
289 0.966421 -0.175579 -0.187621 0.205398 0.169736 0.984373 -0.0468979 -0.123829 0.192923 0.0134772 0.981121 0.436071
290 0.967776 -0.176589 -0.179516 0.206828 0.170829 0.98417 -0.0471805 -0.123466 0.185006 0.0149934 0.982623 0.433843
291 0.968469 -0.177115 -0.175207 0.205562 0.171626 0.984082 -0.0461238 -0.123616 0.180587 0.0145994 0.983451 0.435069
292 0.969076 -0.177824 -0.171089 0.204819 0.172226 0.983929 -0.0471485 -0.123595 0.176723 0.0162246 0.984127 0.435799
293 0.969433 -0.178939 -0.167869 0.204042 0.173248 0.983704 -0.0480776 -0.123429 0.173736 0.0175251 0.984636 0.436695
294 0.969622 -0.178715 -0.167014 0.202974 0.172847 0.983721 -0.0491555 -0.123585 0.17308 0.0187945 0.984728 0.437775
295 0.969483 -0.179064 -0.16745 0.202843 0.172781 0.983614 -0.0514846 -0.123448 0.173925 0.0209812 0.984535 0.437939
296 0.96909 -0.178181 -0.170634 0.203164 0.171646 0.983762 -0.0524362 -0.123349 0.177206 0.0215268 0.983938 0.437885
297 0.968055 -0.178779 -0.175803 0.20158 0.172313 0.983695 -0.0515085 -0.123453 0.182145 0.0195699 0.983077 0.439426
298 0.967633 -0.178755 -0.178136 0.200763 0.171972 0.983678 -0.052948 -0.123421 0.184693 0.0205999 0.98258 0.440176
299 0.967025 -0.17837 -0.181791 0.200524 0.171207 0.983727 -0.0544891 -0.123437 0.188552 0.0215684 0.981826 0.440546
300 0.966349 -0.179852 -0.18391 0.199467 0.172336 0.983434 -0.0561991 -0.123561 0.190971 0.0226135 0.981335 0.441523
301 0.964476 -0.181744 -0.191716 0.198806 0.172493 0.982927 -0.0640296 -0.123149 0.20008 0.0286853 0.97936 0.442286
302 0.963007 -0.181586 -0.199106 0.198579 0.171347 0.982885 -0.0676509 -0.123587 0.207983 0.031032 0.97764 0.44292
303 0.961003 -0.185784 -0.204835 0.197546 0.173716 0.981893 -0.0755608 -0.122727 0.215164 0.037031 0.975876 0.443345
304 0.958415 -0.186307 -0.216172 0.199005 0.173153 0.981766 -0.0784412 -0.122399 0.226844 0.0377484 0.973199 0.442054
305 0.955178 -0.187088 -0.229417 0.198525 0.174317 0.981836 -0.0749117 -0.122842 0.239265 0.0315628 0.970441 0.442539
306 0.954736 -0.187595 -0.230842 0.197932 0.175074 0.981788 -0.0737694 -0.123119 0.240476 0.0300161 0.970191 0.443269
307 0.955089 -0.187848 -0.22917 0.19637 0.174972 0.981678 -0.0754566 -0.123553 0.239146 0.0319694 0.970457 0.44484
308 0.954821 -0.187135 -0.230863 0.196955 0.171979 0.981487 -0.0842959 -0.1233 0.242364 0.0407839 0.969328 0.444598
309 0.954208 -0.186239 -0.234098 0.196624 0.16986 0.981489 -0.0884676 -0.12324 0.246241 0.0446527 0.968179 0.445071
310 0.953599 -0.186573 -0.236302 0.195983 0.169094 0.981261 -0.0923787 -0.123549 0.249109 0.0481351 0.967278 0.445815
311 0.951909 -0.189479 -0.240765 0.196758 0.170613 0.98054 -0.0971203 -0.123244 0.254482 0.0513719 0.965712 0.445362
312 0.948352 -0.189574 -0.254343 0.197073 0.16923 0.980508 -0.099821 -0.123467 0.268309 0.0516229 0.961949 0.445956
313 0.947473 -0.186224 -0.260028 0.19683 0.165315 0.981129 -0.100288 -0.124749 0.273797 0.0520338 0.960379 0.446983
314 0.946517 -0.18915 -0.261397 0.196558 0.166805 0.980341 -0.105389 -0.123946 0.276192 0.05615 0.959461 0.44674
315 0.946946 -0.183531 -0.263838 0.196445 0.160848 0.981342 -0.105338 -0.124148 0.278248 0.0573114 0.958798 0.447995
316 0.948386 -0.181609 -0.259965 0.196474 0.159222 0.981653 -0.104909 -0.124104 0.274248 0.0581024 0.959902 0.44872
317 0.950054 -0.181257 -0.254055 0.195641 0.159262 0.981658 -0.104801 -0.124433 0.268391 0.0591051 0.961495 0.450283
318 0.950531 -0.181737 -0.251918 0.195553 0.159092 0.981373 -0.107691 -0.124762 0.266797 0.062285 0.961738 0.451026
319 0.950457 -0.18254 -0.251615 0.195368 0.157803 0.980706 -0.115386 -0.125444 0.267822 0.0699636 0.960925 0.452778
320 0.951103 -0.186094 -0.246521 0.194631 0.159383 0.979351 -0.124376 -0.125291 0.264576 0.079003 0.961123 0.453944
321 0.951925 -0.188154 -0.241739 0.19492 0.160166 0.978385 -0.130806 -0.12523 0.261125 0.085799 0.961484 0.454404
322 0.954069 -0.186075 -0.234793 0.194962 0.157026 0.978041 -0.137037 -0.125469 0.255136 0.0938742 0.962337 0.456331
323 0.954453 -0.184798 -0.234242 0.195442 0.154815 0.97788 -0.140653 -0.125665 0.255053 0.097983 0.96195 0.457104
324 0.954648 -0.184423 -0.233743 0.195881 0.153794 0.977663 -0.143254 -0.125129 0.254941 0.100808 0.961687 0.457533
325 0.955336 -0.183787 -0.231418 0.196071 0.154254 0.978066 -0.139972 -0.125731 0.252068 0.0980237 0.962732 0.458216
326 0.957659 -0.183303 -0.222012 0.194201 0.154605 0.977931 -0.140526 -0.125858 0.242872 0.100252 0.964864 0.460297
327 0.96186 -0.182893 -0.203409 0.194219 0.156 0.977596 -0.141317 -0.126003 0.224697 0.104195 0.968842 0.462769
328 0.963367 -0.184081 -0.195033 0.19365 0.158415 0.977394 -0.14002 -0.126336 0.216399 0.103995 0.970751 0.464361
329 0.964384 -0.186754 -0.187316 0.192832 0.161242 0.976445 -0.143373 -0.126782 0.209679 0.108064 0.97178 0.466297
330 0.966002 -0.184297 -0.181316 0.192807 0.1586 0.976284 -0.147361 -0.126464 0.204174 0.113594 0.972322 0.464855
331 0.967564 -0.178036 -0.179228 0.19264 0.154388 0.978282 -0.13831 -0.126794 0.199959 0.106153 0.974037 0.465805
332 0.968343 -0.177827 -0.175182 0.191882 0.154266 0.978048 -0.140088 -0.126866 0.196248 0.108629 0.974519 0.467596
333 0.969602 -0.176244 -0.169736 0.192528 0.153053 0.978069 -0.141267 -0.126885 0.190911 0.110994 0.975312 0.467384
334 0.970787 -0.175473 -0.163653 0.191943 0.153001 0.978096 -0.141135 -0.127137 0.184833 0.111973 0.97637 0.468003
335 0.971374 -0.175683 -0.159902 0.190867 0.152959 0.97756 -0.144843 -0.127699 0.18176 0.116238 0.976449 0.469215
336 0.970913 -0.174878 -0.163541 0.192001 0.150284 0.976835 -0.152339 -0.127045 0.186393 0.123331 0.974704 0.468304
337 0.971027 -0.175 -0.162733 0.190756 0.150062 0.9765 -0.154691 -0.127565 0.18598 0.125789 0.974468 0.470538
338 0.971234 -0.175209 -0.161263 0.190429 0.149149 0.97552 -0.161605 -0.127811 0.18563 0.132904 0.97359 0.471092
339 0.970257 -0.173347 -0.168974 0.191327 0.145533 0.975484 -0.165077 -0.127343 0.193447 0.135576 0.971698 0.469665
340 0.969685 -0.174655 -0.170898 0.189897 0.146032 0.974947 -0.167787 -0.128055 0.195922 0.137744 0.970897 0.472487
341 0.969276 -0.175709 -0.172133 0.190216 0.145456 0.973774 -0.174945 -0.127938 0.198359 0.144533 0.969414 0.472136
342 0.969109 -0.172883 -0.175897 0.190741 0.141569 0.973928 -0.177262 -0.127669 0.201957 0.146885 0.968317 0.471133
343 0.968256 -0.171496 -0.18185 0.190278 0.138628 0.973806 -0.180236 -0.127948 0.207996 0.149305 0.966667 0.47267
344 0.967981 -0.170957 -0.183809 0.190412 0.1374 0.973653 -0.181993 -0.127973 0.210079 0.15091 0.965967 0.473356
345 0.968353 -0.169017 -0.183647 0.190056 0.134985 0.973567 -0.184245 -0.128134 0.209934 0.153625 0.965571 0.474155
346 0.968888 -0.164851 -0.184606 0.188886 0.129326 0.973174 -0.19028 -0.128405 0.211022 0.160486 0.964217 0.474308
347 0.968668 -0.163517 -0.186933 0.188456 0.127172 0.973082 -0.192196 -0.128489 0.213328 0.162402 0.963388 0.474725
348 0.968368 -0.162422 -0.189426 0.188631 0.12563 0.973264 -0.192287 -0.128363 0.215593 0.162407 0.962883 0.474381
349 0.96808 -0.16165 -0.191546 0.188089 0.124928 0.973733 -0.190363 -0.128513 0.217287 0.160357 0.962846 0.475223
350 0.968008 -0.163147 -0.190642 0.186606 0.126357 0.973349 -0.191379 -0.128889 0.216784 0.161168 0.962824 0.477515
351 0.967544 -0.165189 -0.191238 0.186756 0.128061 0.972909 -0.192478 -0.128854 0.217853 0.161741 0.962486 0.476926
352 0.966973 -0.168427 -0.191302 0.18595 0.131767 0.972814 -0.190446 -0.129102 0.218178 0.158948 0.962878 0.478566
353 0.966628 -0.172516 -0.189389 0.185635 0.13626 0.97225 -0.190169 -0.12903 0.21694 0.158016 0.963311 0.479506
354 0.966907 -0.173506 -0.187048 0.185624 0.13848 0.972666 -0.186399 -0.129075 0.214277 0.154328 0.964504 0.479072
355 0.966715 -0.174557 -0.187061 0.185699 0.140729 0.973359 -0.181018 -0.129005 0.213676 0.148668 0.965526 0.479734
356 0.967531 -0.175645 -0.181747 0.184232 0.144511 0.974376 -0.172359 -0.129505 0.207364 0.140499 0.968122 0.481998
357 0.967924 -0.175001 -0.18027 0.184141 0.144863 0.974971 -0.168663 -0.129336 0.205274 0.137138 0.969049 0.481719
358 0.968029 -0.174913 -0.179792 0.183196 0.145894 0.975667 -0.163674 -0.129868 0.204046 0.132211 0.969993 0.483048
359 0.967501 -0.178072 -0.179532 0.181944 0.149019 0.975119 -0.164125 -0.130425 0.204291 0.132037 0.969965 0.484677
360 0.965431 -0.180492 -0.188058 0.182212 0.150901 0.975289 -0.161369 -0.129998 0.212537 0.127413 0.968811 0.483422
361 0.964174 -0.183215 -0.191838 0.181047 0.15332 0.975035 -0.160623 -0.130348 0.216477 0.125456 0.968193 0.485508
362 0.962941 -0.185749 -0.195553 0.181423 0.154515 0.9742 -0.164496 -0.129827 0.221063 0.128184 0.966799 0.486676
363 0.962982 -0.184019 -0.196982 0.181886 0.153026 0.974767 -0.16252 -0.129385 0.221918 0.126361 0.966843 0.486121
364 0.963075 -0.182507 -0.197934 0.181586 0.152191 0.975485 -0.158954 -0.129743 0.222092 0.122961 0.967241 0.487061
365 0.964886 -0.175362 -0.19556 0.182211 0.146616 0.977296 -0.152961 -0.128898 0.217943 0.118918 0.968689 0.485811
366 0.965511 -0.171858 -0.195587 0.181497 0.144998 0.978851 -0.144316 -0.129417 0.216252 0.110978 0.97001 0.487057
367 0.965327 -0.173325 -0.195197 0.181499 0.1469 0.978811 -0.142654 -0.129619 0.215786 0.109033 0.970334 0.488331
368 0.966043 -0.172385 -0.192467 0.181915 0.146577 0.979069 -0.141204 -0.129389 0.21278 0.108198 0.971091 0.487498
369 0.966778 -0.171153 -0.189859 0.181473 0.14629 0.979552 -0.138122 -0.129442 0.209616 0.105759 0.972047 0.487382
370 0.96634 -0.172524 -0.190848 0.181145 0.148162 0.979652 -0.13539 -0.129543 0.210322 0.102557 0.972238 0.487797
371 0.965929 -0.172824 -0.19265 0.181235 0.148637 0.979808 -0.133726 -0.129693 0.211871 0.100535 0.972113 0.487698
372 0.965802 -0.171663 -0.194317 0.181155 0.147354 0.980046 -0.133404 -0.12962 0.21334 0.100208 0.971825 0.487565
373 0.964476 -0.17209 -0.200426 0.181121 0.147172 0.980086 -0.13331 -0.129605 0.219376 0.0990768 0.970597 0.487428
374 0.963847 -0.171294 -0.2041 0.181576 0.146006 0.980275 -0.133206 -0.129432 0.222891 0.0985904 0.969845 0.486763
375 0.963847 -0.168826 -0.206146 0.181215 0.143387 0.980721 -0.132762 -0.129447 0.224585 0.0984037 0.969473 0.487132
376 0.963605 -0.167978 -0.207962 0.181203 0.14213 0.980784 -0.133646 -0.12953 0.226415 0.0992242 0.968964 0.487274
377 0.963514 -0.165853 -0.210081 0.181873 0.139854 0.981174 -0.133184 -0.129227 0.228215 0.0989441 0.96857 0.486318
378 0.963393 -0.160311 -0.214882 0.181553 0.134986 0.982565 -0.127847 -0.129348 0.231631 0.0941613 0.968236 0.486775
379 0.962726 -0.159148 -0.218701 0.181357 0.133452 0.982792 -0.127716 -0.129485 0.235263 0.0937693 0.967398 0.486951
380 0.961917 -0.156516 -0.224094 0.181836 0.13049 0.983325 -0.126667 -0.129425 0.240183 0.092601 0.966301 0.485528
381 0.961004 -0.153279 -0.230165 0.18172 0.127074 0.984018 -0.124742 -0.129199 0.245607 0.0906296 0.965123 0.486091
382 0.960934 -0.150619 -0.232206 0.181358 0.124338 0.984459 -0.124016 -0.129245 0.247276 0.0902992 0.964728 0.486573
383 0.961015 -0.148781 -0.233056 0.181289 0.122437 0.984728 -0.12377 -0.129482 0.247912 0.0904102 0.964555 0.486843
384 0.961117 -0.14516 -0.234911 0.182457 0.118806 0.985298 -0.122769 -0.129011 0.249278 0.0900861 0.964233 0.485314
385 0.960226 -0.140914 -0.24106 0.18115 0.11525 0.986362 -0.117507 -0.129255 0.25433 0.0850513 0.96337 0.48654
386 0.959229 -0.140275 -0.245361 0.181565 0.11459 0.986609 -0.116069 -0.129232 0.258357 0.0832213 0.962458 0.486074
387 0.958771 -0.137242 -0.248844 0.18202 0.111943 0.987248 -0.11318 -0.12901 0.261204 0.080657 0.961908 0.485202
388 0.957698 -0.134952 -0.25417 0.182423 0.110098 0.987853 -0.109657 -0.129338 0.265881 0.0770347 0.960923 0.485893
389 0.956925 -0.133916 -0.257608 0.182251 0.109258 0.988148 -0.107829 -0.129579 0.268995 0.0750381 0.960214 0.486658
390 0.956531 -0.132758 -0.25966 0.182837 0.108287 0.988405 -0.106441 -0.129225 0.27078 0.0736963 0.959816 0.485848
391 0.955967 -0.131284 -0.262472 0.182386 0.109165 0.989259 -0.0972135 -0.129528 0.272416 0.06428 0.96003 0.48716
392 0.95599 -0.130261 -0.262897 0.182185 0.108389 0.989452 -0.0961113 -0.129751 0.272644 0.0633862 0.960025 0.487554
393 0.955877 -0.12945 -0.263709 0.182765 0.108009 0.989667 -0.094308 -0.129279 0.273192 0.0616639 0.959981 0.48639
394 0.955585 -0.129215 -0.264879 0.182757 0.109425 0.990072 -0.0882191 -0.129155 0.273649 0.0553163 0.960238 0.487236
395 0.955596 -0.130131 -0.264388 0.182335 0.111397 0.990158 -0.0847227 -0.129417 0.272811 0.0515086 0.960688 0.488998
396 0.956139 -0.128489 -0.263228 0.182083 0.112126 0.990758 -0.0763373 -0.128894 0.270604 0.0434745 0.961709 0.487801
397 0.955084 -0.130358 -0.266123 0.181707 0.115596 0.990793 -0.0704714 -0.129075 0.27286 0.0365434 0.96136 0.489309
398 0.954654 -0.130195 -0.267741 0.181623 0.116498 0.990963 -0.0664926 -0.12916 0.273978 0.0322861 0.961194 0.489741
399 0.954417 -0.128791 -0.269259 0.181435 0.116119 0.991264 -0.0625403 -0.129129 0.274962 0.0284235 0.961035 0.490239
400 0.953819 -0.128129 -0.271684 0.181763 0.116392 0.991452 -0.0589533 -0.12916 0.276915 0.0246089 0.960579 0.491107
401 0.953734 -0.127797 -0.272138 0.181955 0.116995 0.991573 -0.0556271 -0.129011 0.276954 0.0212147 0.960649 0.491382
402 0.954501 -0.126438 -0.270076 0.181152 0.116654 0.991808 -0.0520459 -0.129003 0.274444 0.0181725 0.961431 0.49227
403 0.954795 -0.126637 -0.268941 0.180702 0.117542 0.991822 -0.0497231 -0.129097 0.273039 0.0158635 0.961872 0.493154
404 0.954729 -0.125425 -0.269743 0.181391 0.117531 0.992036 -0.0452872 -0.129153 0.273275 0.0115339 0.961867 0.495055
405 0.955153 -0.126569 -0.267701 0.18124 0.119317 0.991914 -0.0432547 -0.129182 0.271011 0.00937352 0.962531 0.495535
406 0.955448 -0.127766 -0.266072 0.181026 0.121048 0.991776 -0.0415659 -0.12935 0.269195 0.00750646 0.963056 0.496338
407 0.955751 -0.129138 -0.264317 0.180948 0.12237 0.991596 -0.0419836 -0.129405 0.267517 0.00778137 0.963522 0.496825
408 0.95615 -0.130493 -0.262201 0.180666 0.123904 0.991423 -0.0415843 -0.129135 0.265378 0.00727316 0.964117 0.496663
409 0.955968 -0.1315 -0.26236 0.180617 0.125723 0.991308 -0.0387619 -0.129193 0.265177 0.00407033 0.964191 0.497217
410 0.9557 -0.132805 -0.262679 0.180687 0.127428 0.991139 -0.0374807 -0.129376 0.265329 0.00234762 0.964155 0.498184
411 0.95584 -0.132617 -0.262266 0.180239 0.128663 0.991163 -0.0322723 -0.129262 0.264228 -0.00289678 0.964456 0.498618
412 0.955494 -0.133607 -0.263023 0.180007 0.129728 0.991029 -0.032141 -0.129515 0.264957 -0.00341087 0.964254 0.49957
413 0.955621 -0.134494 -0.262107 0.17991 0.130503 0.99091 -0.0326576 -0.129117 0.264116 -0.00299736 0.964486 0.498974
414 0.954894 -0.13582 -0.264067 0.180108 0.132845 0.990707 -0.0291776 -0.129352 0.265576 -0.00721843 0.964063 0.500015
415 0.954417 -0.138432 -0.264433 0.179992 0.135353 0.990345 -0.0299214 -0.129601 0.266022 -0.00723433 0.96394 0.500757
416 0.954442 -0.139766 -0.263641 0.179654 0.136478 0.990163 -0.0308414 -0.1293 0.265358 -0.00654489 0.964128 0.500119
417 0.953758 -0.140125 -0.265916 0.179782 0.137638 0.990085 -0.0280625 -0.129245 0.267211 -0.00983523 0.963588 0.50085
418 0.953253 -0.141516 -0.266986 0.17991 0.139399 0.989869 -0.0269648 -0.129462 0.268097 -0.0115134 0.963323 0.501851
419 0.953643 -0.143457 -0.264549 0.179697 0.141093 0.9896 -0.0280185 -0.129306 0.265817 -0.0106064 0.963965 0.502251
420 0.95403 -0.142581 -0.263624 0.179342 0.140857 0.989701 -0.0255339 -0.129191 0.264549 -0.0127731 0.964288 0.502414
421 0.953334 -0.142676 -0.266077 0.179596 0.14148 0.989656 -0.023761 -0.129388 0.266715 -0.0149925 0.963659 0.503705
422 0.953482 -0.142671 -0.26555 0.179516 0.1411 0.989677 -0.0250883 -0.129378 0.266388 -0.0135479 0.963771 0.504118
423 0.954133 -0.1414 -0.263888 0.17946 0.140013 0.989855 -0.0241578 -0.129086 0.264627 -0.0138979 0.964251 0.504019
424 0.954521 -0.140985 -0.262702 0.179365 0.140463 0.989866 -0.0208625 -0.129307 0.262981 -0.0169864 0.964651 0.504853
425 0.954717 -0.142112 -0.261379 0.179196 0.142002 0.989676 -0.0194081 -0.12933 0.261439 -0.0185871 0.965041 0.505154
426 0.955155 -0.14143 -0.260147 0.178898 0.142196 0.98971 -0.0159727 -0.129041 0.259729 -0.0217354 0.965437 0.504886
427 0.955789 -0.140333 -0.258407 0.178784 0.142913 0.989696 -0.00887146 -0.129236 0.256989 -0.0284504 0.965996 0.506386
428 0.955459 -0.140436 -0.259568 0.178772 0.143551 0.989618 -0.00701531 -0.129333 0.257858 -0.0305583 0.965699 0.506818
429 0.955314 -0.136583 -0.262147 0.178773 0.139893 0.990148 -0.0060851 -0.12936 0.260396 -0.0308595 0.965009 0.508235
430 0.954869 -0.136058 -0.264033 0.178921 0.139768 0.990173 -0.00477467 -0.129357 0.262088 -0.0323442 0.964502 0.508864
431 0.954782 -0.136818 -0.263955 0.178859 0.140684 0.990045 -0.00429579 -0.129406 0.261915 -0.0330326 0.964525 0.509224
432 0.955499 -0.135834 -0.261861 0.178252 0.139971 0.990151 -0.00288019 -0.128784 0.259674 -0.0339009 0.965101 0.508792
433 0.954887 -0.13541 -0.264302 0.178802 0.141427 0.989941 0.00377945 -0.129066 0.261132 -0.0409886 0.964432 0.50993
434 0.955326 -0.135219 -0.262807 0.178834 0.14187 0.989865 0.00640601 -0.129165 0.259277 -0.0434042 0.964827 0.510619
435 0.956274 -0.134547 -0.259686 0.178262 0.14157 0.989892 0.00844247 -0.128979 0.255925 -0.0448369 0.965656 0.510489
436 0.956757 -0.132992 -0.258706 0.177756 0.141277 0.989876 0.0136145 -0.128711 0.254276 -0.0495751 0.96586 0.510557
437 0.955705 -0.13387 -0.262119 0.178263 0.144019 0.989377 0.019807 -0.129131 0.256683 -0.0566798 0.964832 0.511856
438 0.955503 -0.13497 -0.262292 0.177938 0.145655 0.989099 0.0216345 -0.129295 0.256513 -0.0588759 0.964746 0.512348
439 0.955948 -0.135393 -0.260446 0.177073 0.146353 0.988963 0.0230646 -0.128718 0.254449 -0.0601658 0.965213 0.511774
440 0.955282 -0.134857 -0.263153 0.177141 0.148064 0.988494 0.0309222 -0.128734 0.255955 -0.068503 0.964258 0.512472
441 0.953932 -0.135023 -0.267922 0.177976 0.149928 0.988046 0.0358779 -0.129194 0.259875 -0.0743941 0.962772 0.514057
442 0.954086 -0.135381 -0.267193 0.177658 0.150186 0.988014 0.0356735 -0.129237 0.259161 -0.0741642 0.962983 0.514171
443 0.954726 -0.134094 -0.265549 0.176845 0.149235 0.988087 0.037589 -0.128862 0.257345 -0.0755164 0.963364 0.513663
444 0.953431 -0.134643 -0.269891 0.177506 0.151365 0.987584 0.0420368 -0.129117 0.26088 -0.0809313 0.961973 0.51491
445 0.953152 -0.135963 -0.270213 0.177557 0.153096 0.987263 0.0432743 -0.129129 0.260888 -0.0826156 0.961828 0.51531
446 0.95382 -0.135663 -0.267999 0.177156 0.153163 0.987157 0.0454076 -0.128875 0.258397 -0.0843582 0.962349 0.515199
447 0.953719 -0.134855 -0.268765 0.17745 0.153516 0.986902 0.0495684 -0.128961 0.25856 -0.0885339 0.96193 0.51614
448 0.95409 -0.133932 -0.267907 0.177505 0.15264 0.987008 0.0501665 -0.129152 0.257708 -0.0887567 0.962138 0.517702
449 0.955372 -0.134408 -0.263057 0.176922 0.15265 0.98701 0.0500883 -0.128833 0.252908 -0.0880087 0.963479 0.517247
450 0.955828 -0.133601 -0.261807 0.176829 0.152758 0.986779 0.0541452 -0.128651 0.251112 -0.0917467 0.9636 0.517692
451 0.955793 -0.134237 -0.261612 0.177056 0.1543 0.986342 0.0576258 -0.128972 0.250303 -0.0954451 0.963451 0.518676
452 0.956203 -0.135394 -0.259507 0.176983 0.155455 0.986121 0.0583104 -0.129002 0.248011 -0.0960982 0.963979 0.519063
453 0.957001 -0.13482 -0.256853 0.176536 0.154915 0.986129 0.0595847 -0.128741 0.245257 -0.0968129 0.964612 0.518939
454 0.956917 -0.134052 -0.257565 0.176643 0.15511 0.985876 0.0631647 -0.128871 0.245459 -0.100394 0.964194 0.519929
455 0.956511 -0.135245 -0.258448 0.176751 0.156518 0.985632 0.063492 -0.129231 0.246148 -0.101183 0.963936 0.520821
456 0.956749 -0.136426 -0.256942 0.17617 0.157114 0.985652 0.0616894 -0.128929 0.244839 -0.0993906 0.964456 0.520311
457 0.956646 -0.135447 -0.257841 0.175976 0.156744 0.985575 0.0638233 -0.128569 0.245477 -0.101471 0.964077 0.520488
458 0.956124 -0.135615 -0.259684 0.176353 0.158057 0.985121 0.0674853 -0.128785 0.246668 -0.105569 0.963333 0.521527
459 0.956412 -0.136246 -0.258289 0.176204 0.158847 0.984913 0.0686552 -0.128781 0.245039 -0.106691 0.963625 0.521801
460 0.957242 -0.136238 -0.255201 0.175527 0.158911 0.984784 0.0703444 -0.128298 0.241734 -0.107891 0.964326 0.521482
461 0.956828 -0.135613 -0.257079 0.175823 0.160266 0.984034 0.0774052 -0.128409 0.242478 -0.115264 0.963285 0.522496
462 0.956071 -0.136535 -0.259397 0.176211 0.162096 0.983547 0.0797491 -0.128856 0.244241 -0.118293 0.962472 0.523896
463 0.956386 -0.138694 -0.25708 0.175736 0.163544 0.98346 0.07784 -0.12871 0.242032 -0.116489 0.96325 0.523626
464 0.957091 -0.137626 -0.255023 0.175015 0.162971 0.983302 0.0809762 -0.128262 0.23962 -0.119063 0.963538 0.523248
465 0.956394 -0.136169 -0.258397 0.175373 0.163424 0.982712 0.0870085 -0.128453 0.242082 -0.125443 0.962112 0.524578
466 0.955824 -0.136863 -0.260132 0.175611 0.164642 0.982413 0.0880796 -0.128669 0.243503 -0.127017 0.961547 0.525443
467 0.956447 -0.13645 -0.258051 0.175116 0.163957 0.982519 0.0881678 -0.128314 0.24151 -0.126637 0.9621 0.525274
468 0.95637 -0.135309 -0.258936 0.175196 0.163883 0.982175 0.0920547 -0.128363 0.241865 -0.130474 0.961498 0.526037
469 0.956065 -0.135924 -0.259738 0.175458 0.164919 0.981893 0.0932101 -0.128413 0.242366 -0.131951 0.96117 0.527054
470 0.956379 -0.137151 -0.257932 0.175339 0.16563 0.981884 0.0920331 -0.128354 0.240637 -0.13074 0.96177 0.527304
471 0.95751 -0.136444 -0.254081 0.17466 0.164724 0.9819 0.0934794 -0.12804 0.236727 -0.131361 0.962655 0.526948
472 0.957228 -0.13523 -0.255787 0.17511 0.164857 0.981428 0.0980822 -0.12825 0.237773 -0.136055 0.961745 0.528152
473 0.956964 -0.136957 -0.255855 0.175273 0.166367 0.981283 0.0969846 -0.128534 0.237784 -0.135377 0.961838 0.529238
474 0.958286 -0.137733 -0.250434 0.17454 0.166033 0.981482 0.0955312 -0.128325 0.232638 -0.133126 0.963409 0.528533
475 0.958672 -0.137351 -0.249163 0.174362 0.165974 0.981282 0.0976665 -0.128244 0.231085 -0.134985 0.963524 0.52892
476 0.958377 -0.138 -0.249937 0.174529 0.167085 0.980953 0.0990597 -0.128395 0.231507 -0.136697 0.963181 0.529811
477 0.958704 -0.139766 -0.247694 0.174067 0.168524 0.980725 0.0988841 -0.12838 0.229099 -0.136543 0.963779 0.529717
478 0.959388 -0.140687 -0.244501 0.173147 0.169472 0.980358 0.100879 -0.127947 0.225506 -0.138218 0.964387 0.529244
479 0.958747 -0.140897 -0.246883 0.173801 0.171269 0.979494 0.106105 -0.128035 0.226871 -0.144012 0.963219 0.530367
480 0.958752 -0.141595 -0.246466 0.173891 0.172572 0.97896 0.108891 -0.128194 0.225862 -0.146932 0.963015 0.531066
481 0.959091 -0.142181 -0.244802 0.173307 0.173155 0.978739 0.10994 -0.127954 0.223966 -0.147831 0.96332 0.531013
482 0.958428 -0.141566 -0.247741 0.173674 0.173729 0.978279 0.113085 -0.127934 0.226351 -0.151423 0.962204 0.532019
483 0.958287 -0.141908 -0.248087 0.173705 0.174274 0.978113 0.113678 -0.128061 0.226525 -0.152171 0.962045 0.532754
484 0.95887 -0.143294 -0.245019 0.172656 0.175386 0.977817 0.11451 -0.127827 0.223175 -0.152774 0.962732 0.53206
485 0.958134 -0.143271 -0.247897 0.172512 0.17709 0.976866 0.119886 -0.127734 0.224986 -0.158767 0.96134 0.532538
486 0.95656 -0.143053 -0.254026 0.173491 0.178767 0.976113 0.123471 -0.127948 0.230296 -0.163519 0.959284 0.534167
487 0.957097 -0.143131 -0.251949 0.173072 0.178491 0.976161 0.123495 -0.127946 0.228266 -0.163168 0.959829 0.534165
488 0.957388 -0.142531 -0.251184 0.172687 0.178271 0.975918 0.125708 -0.127727 0.227218 -0.165131 0.959742 0.534166
489 0.956356 -0.141586 -0.255609 0.173596 0.17859 0.975589 0.127799 -0.127798 0.231275 -0.16787 0.958296 0.535729
490 0.9575 -0.141661 -0.25125 0.173125 0.17777 0.975805 0.12729 -0.127725 0.227139 -0.166545 0.959516 0.535503
491 0.96001 -0.139882 -0.242514 0.171473 0.175298 0.975745 0.131121 -0.12731 0.21829 -0.16839 0.961246 0.534465
492 0.95959 -0.13911 -0.244613 0.172639 0.176607 0.974469 0.138637 -0.12748 0.219082 -0.176235 0.959658 0.536049
493 0.960459 -0.138014 -0.241805 0.172542 0.175844 0.974048 0.142509 -0.127576 0.215862 -0.179394 0.959803 0.536495
494 0.961624 -0.136077 -0.23825 0.171885 0.174148 0.973723 0.146749 -0.127481 0.212021 -0.182608 0.960053 0.536344
495 0.961346 -0.137869 -0.238341 0.171551 0.177343 0.972192 0.152944 -0.127785 0.210627 -0.1893 0.959063 0.537144
496 0.960841 -0.140023 -0.23912 0.171435 0.179982 0.971488 0.15433 -0.12793 0.210692 -0.191324 0.958647 0.53758
497 0.960439 -0.141331 -0.239963 0.171217 0.181648 0.971052 0.155118 -0.127756 0.211094 -0.19257 0.958309 0.537372
498 0.960136 -0.140117 -0.241879 0.171788 0.181441 0.970634 0.157952 -0.127686 0.212644 -0.195542 0.957364 0.538399
499 0.960722 -0.140611 -0.239252 0.17152 0.181618 0.970438 0.158951 -0.127764 0.209829 -0.19616 0.957858 0.53872
