16 0.999965 -0.00606543 -0.00576613 -0.0176076 0.0062526 0.999435 0.0330156 -0.00720982 0.00556262 -0.0330505 0.999438 0.0107701
17 0.999957 -0.00752943 -0.00535492 -0.0190633 0.00771791 0.999319 0.0360947 -0.00779404 0.0050795 -0.0361345 0.999334 0.0133519
18 0.999929 -0.00856977 -0.00822592 -0.0218773 0.00890401 0.999099 0.0414953 -0.00912256 0.0078629 -0.0415656 0.999105 0.0136963
19 0.999872 -0.00972979 -0.0127182 -0.0240971 0.0103228 0.998821 0.0474247 -0.0100081 0.0122417 -0.0475499 0.998794 0.0159133
20 0.999846 -0.0111246 -0.013573 -0.0248824 0.0117754 0.998737 0.0488542 -0.0104419 0.0130123 -0.0490065 0.998714 0.0176283
21 0.999808 -0.0119067 -0.0155693 -0.0274129 0.0126823 0.998633 0.0507022 -0.0112683 0.0149443 -0.0508899 0.998592 0.0191872
22 0.999848 -0.0112079 -0.0133905 -0.0301308 0.0118962 0.998551 0.0524776 -0.0123335 0.012783 -0.0526289 0.998532 0.0209854
23 0.999917 -0.00809016 -0.0099811 -0.0330476 0.00862423 0.998467 0.0546803 -0.0135351 0.00952342 -0.0547619 0.998454 0.0228847
24 0.999941 -0.00704839 -0.00829241 -0.0369721 0.00750506 0.99838 0.0563939 -0.0149868 0.0078815 -0.0564528 0.998374 0.0235353
25 0.999964 -0.00162918 -0.00831384 -0.0385524 0.00212481 0.998199 0.0599596 -0.0157956 0.00820118 -0.0599751 0.998166 0.0241978
26 0.999992 0.00204313 -0.00340113 -0.0414666 -0.00182464 0.998009 0.0630499 -0.0172547 0.00352317 -0.0630432 0.998005 0.0287104
27 0.99996 0.00807594 -0.00380405 -0.0461969 -0.0078081 0.997801 0.0658225 -0.0190614 0.00432726 -0.0657901 0.997824 0.0297058
28 0.999931 0.0113506 -0.0029216 -0.0493269 -0.0111134 0.997391 0.0713288 -0.0206853 0.0037236 -0.0712914 0.997449 0.0343827
29 0.999912 0.0127309 -0.00360733 -0.0527938 -0.0124298 0.997191 0.0738648 -0.0222938 0.00453756 -0.0738135 0.997262 0.0375275
30 0.999901 0.0131407 -0.00497724 -0.0542122 -0.0127231 0.997008 0.07624 -0.0230239 0.0059642 -0.0761692 0.997077 0.0395798
31 0.999863 0.0154654 -0.00591985 -0.0565456 -0.0149623 0.996901 0.0772345 -0.0246341 0.00709596 -0.0771353 0.996995 0.0454116
32 0.999904 0.0112682 -0.00805572 -0.0589556 -0.0106345 0.997142 0.0747956 -0.0261762 0.00887551 -0.0747027 0.997166 0.0488972
33 0.99986 0.0132843 -0.0101504 -0.0635452 -0.012472 0.997008 0.076286 -0.0279673 0.0111335 -0.0761487 0.997034 0.0536371
34 0.999851 0.01517 -0.00825383 -0.0662024 -0.0145207 0.997172 0.0737373 -0.0296185 0.00934909 -0.0736065 0.997244 0.0582947
35 0.999828 0.0179006 -0.00488338 -0.0694738 -0.0175051 0.997278 0.0716221 -0.031434 0.00615217 -0.0715243 0.99742 0.0627429
36 0.999814 0.019205 0.00165665 -0.0725569 -0.0192736 0.997422 0.0691285 -0.0331987 -0.000324766 -0.0691476 0.997606 0.0674276
37 0.999795 0.0194646 0.00549663 -0.0740166 -0.0198024 0.997342 0.0701157 -0.0341965 -0.00411724 -0.0702102 0.997524 0.0701022
38 0.999765 0.0174115 0.0128802 -0.0766982 -0.0182443 0.997542 0.0676481 -0.0361739 -0.0116707 -0.0678673 0.997626 0.0766584
39 0.999699 0.013607 0.0203981 -0.0784122 -0.0148602 0.997928 0.0626028 -0.0389163 -0.019504 -0.0628871 0.99783 0.0837244
40 0.999585 0.00754521 0.0277831 -0.0843515 -0.00913327 0.998305 0.0574835 -0.0428253 -0.0273022 -0.0577135 0.99796 0.0879403
41 0.999274 0.00367252 0.0379191 -0.0883531 -0.00550954 0.99881 0.0484557 -0.0447903 -0.037696 -0.0486294 0.998105 0.0924252
42 0.999247 -0.000781196 0.0387834 -0.0894831 -0.000991616 0.998956 0.0456703 -0.0465481 -0.0387786 -0.0456744 0.998203 0.0965744
43 0.999132 -0.0073633 0.0410032 -0.0946663 0.00578138 0.999239 0.038566 -0.0482328 -0.041256 -0.0382955 0.998414 0.100381
44 0.998834 -0.0108668 0.0470367 -0.0982174 0.00892963 0.999111 0.0412007 -0.0508462 -0.0474426 -0.0407327 0.998043 0.106777
45 0.99818 -0.0161818 0.0580962 -0.104899 0.0136109 0.998922 0.0443779 -0.0546452 -0.0587516 -0.0435064 0.997324 0.113258
46 0.99807 -0.0191639 0.0590599 -0.106387 0.0165271 0.998859 0.0448147 -0.0558948 -0.0598513 -0.0437521 0.997248 0.116877
47 0.997784 -0.0233212 0.0623082 -0.109208 0.0207814 0.998939 0.0411033 -0.0580094 -0.0632007 -0.0397173 0.99721 0.122266
48 0.99713 -0.0262049 0.0710291 -0.112535 0.023599 0.999026 0.0372824 -0.0594832 -0.0719369 -0.0354992 0.996777 0.126516
49 0.996026 -0.0279189 0.0845733 -0.115292 0.0250342 0.999074 0.0349796 -0.0606373 -0.0854717 -0.0327234 0.995803 0.130289
50 0.995333 -0.0289632 0.0920545 -0.118512 0.0256406 0.998984 0.0370743 -0.0610834 -0.0930347 -0.034541 0.995064 0.132226
51 0.994557 -0.0339198 0.0985204 -0.12044 0.0296184 0.998557 0.0447996 -0.0628473 -0.0998978 -0.0416378 0.994126 0.137218
52 0.993301 -0.0391187 0.108736 -0.122319 0.034412 0.998402 0.0448308 -0.0643416 -0.110316 -0.0407886 0.993059 0.140943
53 0.991938 -0.0474193 0.117518 -0.125488 0.0418328 0.997895 0.0495579 -0.065755 -0.119621 -0.0442423 0.991833 0.143121
54 0.991196 -0.0541281 0.120835 -0.126895 0.0475278 0.997251 0.056854 -0.0666694 -0.12358 -0.0506104 0.991043 0.145206
55 0.990477 -0.0544435 0.126453 -0.12764 0.0467303 0.996907 0.0631844 -0.0680273 -0.129502 -0.0566735 0.989958 0.150307
56 0.988538 -0.0580671 0.139357 -0.130795 0.0486421 0.996352 0.0701125 -0.0694138 -0.14292 -0.0625302 0.987757 0.153742
57 0.987284 -0.0619887 0.146384 -0.133262 0.0513812 0.995846 0.0751679 -0.0706583 -0.150435 -0.0666907 0.986368 0.158589
58 0.986715 -0.0626012 0.149915 -0.134775 0.0512127 0.995585 0.0786616 -0.0715759 -0.154177 -0.0699391 0.985565 0.160564
59 0.984838 -0.0635971 0.161399 -0.137427 0.0503072 0.995098 0.0851362 -0.0735353 -0.166022 -0.0757258 0.98321 0.164855
60 0.983067 -0.0695932 0.169516 -0.140612 0.0545228 0.994266 0.0919944 -0.0754461 -0.174946 -0.0811942 0.981224 0.170588
61 0.981547 -0.0731842 0.176665 -0.143414 0.0568463 0.993772 0.0958376 -0.0774499 -0.182578 -0.0840264 0.979594 0.176259
62 0.980524 -0.0728889 0.18237 -0.145447 0.0562931 0.993924 0.0945836 -0.0781973 -0.188156 -0.0824753 0.97867 0.178427
63 0.977305 -0.079073 0.196528 -0.14874 0.061027 0.993485 0.0962497 -0.0802043 -0.202859 -0.0820717 0.975763 0.183234
64 0.973621 -0.0866264 0.211088 -0.151858 0.0680638 0.993273 0.093683 -0.0816398 -0.217784 -0.0768443 0.972967 0.187295
65 0.968131 -0.100336 0.229468 -0.156725 0.0798537 0.992087 0.0968893 -0.0840154 -0.237374 -0.0754776 0.968482 0.191294
66 0.965911 -0.11021 0.234244 -0.159084 0.089455 0.991209 0.0974854 -0.0863228 -0.242929 -0.0732079 0.967278 0.197871
67 0.964931 -0.109363 0.238638 -0.161418 0.0885275 0.9914 0.0963777 -0.0871656 -0.247125 -0.0718718 0.966314 0.200387
68 0.961686 -0.111052 0.250655 -0.1665 0.0903974 0.991601 0.0924997 -0.090091 -0.258822 -0.0662971 0.963647 0.207218
69 0.959251 -0.115802 0.257734 -0.171131 0.0964565 0.991569 0.0865231 -0.0922587 -0.26558 -0.0581373 0.962334 0.212965
70 0.957667 -0.12084 0.261289 -0.174709 0.102282 0.991241 0.0835449 -0.0941425 -0.269096 -0.053283 0.961638 0.216657
71 0.956511 -0.12337 0.264323 -0.180865 0.106257 0.991263 0.0781475 -0.0972096 -0.271655 -0.0466629 0.961263 0.222856
72 0.953755 -0.126366 0.272733 -0.18663 0.110252 0.991169 0.0736828 -0.100043 -0.279635 -0.0402059 0.959264 0.229464
73 0.951784 -0.129692 0.278005 -0.191854 0.113477 0.990802 0.0737158 -0.102868 -0.285008 -0.0386144 0.957747 0.236236
74 0.951109 -0.129249 0.28051 -0.193997 0.113282 0.990916 0.0724785 -0.103551 -0.287329 -0.0371582 0.957111 0.238765
75 0.948053 -0.134404 0.288323 -0.198922 0.119182 0.990416 0.0698004 -0.106187 -0.294941 -0.0318116 0.954986 0.246258
76 0.945485 -0.140452 0.293821 -0.203933 0.12551 0.989676 0.0692033 -0.10853 -0.300507 -0.0285531 0.953352 0.253295
77 0.944075 -0.142771 0.297219 -0.206256 0.128187 0.989409 0.0680981 -0.109353 -0.303794 -0.02619 0.952378 0.256351
78 0.941615 -0.147822 0.302507 -0.210682 0.132564 0.988665 0.0704832 -0.111199 -0.309497 -0.0262664 0.950538 0.263199
79 0.941326 -0.149246 0.302705 -0.212583 0.13461 0.988509 0.0687781 -0.111086 -0.309492 -0.0239955 0.950599 0.265873
80 0.939376 -0.152229 0.307246 -0.217092 0.138225 0.988134 0.0669738 -0.113456 -0.313795 -0.0204444 0.949271 0.271407
81 0.937846 -0.155496 0.310267 -0.219511 0.141823 0.987669 0.0663013 -0.114153 -0.316751 -0.0181775 0.948335 0.274347
82 0.936302 -0.157498 0.313899 -0.223832 0.144327 0.987398 0.0649219 -0.115979 -0.320168 -0.0154823 0.947234 0.2799
83 0.935081 -0.158896 0.316822 -0.225823 0.145783 0.98719 0.0648357 -0.116824 -0.323066 -0.0144392 0.946266 0.28161
84 0.932865 -0.161717 0.321885 -0.229834 0.147783 0.986718 0.0674391 -0.118597 -0.328516 -0.0153426 0.944374 0.28722
85 0.931913 -0.164402 0.32328 -0.231656 0.150312 0.986279 0.0682649 -0.11958 -0.330067 -0.015024 0.943838 0.288767
86 0.929395 -0.169368 0.327931 -0.235145 0.153725 0.985394 0.0732576 -0.121662 -0.335549 -0.0176742 0.941857 0.29304
87 0.927816 -0.173077 0.330457 -0.236257 0.15654 0.984725 0.0762365 -0.122504 -0.338604 -0.0190036 0.940737 0.296272
88 0.92668 -0.175705 0.332253 -0.239308 0.157781 0.984195 0.080407 -0.1244 -0.341129 -0.0220882 0.939757 0.301175
89 0.92568 -0.178192 0.333713 -0.240677 0.158365 0.983633 0.0859423 -0.125784 -0.343566 -0.0267064 0.938749 0.303773
90 0.924629 -0.181409 0.33489 -0.241677 0.160742 0.983004 0.0886831 -0.126935 -0.345286 -0.0281682 0.938075 0.311815
91 0.92461 -0.179678 0.335875 -0.242627 0.159498 0.983359 0.0869802 -0.127849 -0.345914 -0.0268512 0.937882 0.313914
92 0.924481 -0.175459 0.33845 -0.244371 0.154857 0.984083 0.0871737 -0.130248 -0.348358 -0.0281792 0.936938 0.320006
93 0.923259 -0.175436 0.341783 -0.244825 0.154497 0.984085 0.0877867 -0.131234 -0.351744 -0.0282456 0.93567 0.32381
94 0.922322 -0.176926 0.34354 -0.244778 0.155989 0.983841 0.0878926 -0.132128 -0.353539 -0.0274768 0.935016 0.327991
95 0.92155 -0.178808 0.344634 -0.245611 0.158408 0.983558 0.0867215 -0.133754 -0.354474 -0.0253255 0.934723 0.335671
96 0.921814 -0.179664 0.343483 -0.245795 0.159634 0.983425 0.0859802 -0.134987 -0.353237 -0.0244261 0.935215 0.339629
97 0.922264 -0.179116 0.342559 -0.245472 0.159006 0.98351 0.0861644 -0.137199 -0.352344 -0.0249973 0.935537 0.343258
98 0.922161 -0.178994 0.342901 -0.243994 0.15882 0.98353 0.0862883 -0.140589 -0.352698 -0.0251121 0.9354 0.346976
99 0.918408 -0.179936 0.35235 -0.246086 0.159621 0.983412 0.0861478 -0.14336 -0.362006 -0.0228763 0.931895 0.351961
100 0.917579 -0.17951 0.354718 -0.245681 0.158075 0.983429 0.0887695 -0.144876 -0.364775 -0.0253809 0.93075 0.356042
101 0.916389 -0.179419 0.357827 -0.244628 0.157758 0.98345 0.0891003 -0.147123 -0.367891 -0.0252006 0.929527 0.359785
102 0.913584 -0.182975 0.363159 -0.24462 0.162361 0.982907 0.0867866 -0.148209 -0.372831 -0.020324 0.927676 0.362651
103 0.907831 -0.187941 0.374862 -0.243516 0.168061 0.982073 0.0853674 -0.152705 -0.384186 -0.0144997 0.923142 0.36858
104 0.905538 -0.186718 0.380969 -0.243693 0.168921 0.98238 0.0799651 -0.154111 -0.389188 -0.0080578 0.921123 0.371357
105 0.902135 -0.187249 0.388703 -0.245876 0.170904 0.982309 0.0765556 -0.155931 -0.396161 -0.00263253 0.918177 0.373102
106 0.898826 -0.191581 0.394219 -0.246973 0.176326 0.981474 0.0749475 -0.156185 -0.401275 0.00214628 0.915955 0.376111
107 0.896318 -0.196887 0.397302 -0.247449 0.182535 0.980407 0.074049 -0.157268 -0.404097 0.00615022 0.914696 0.379425
108 0.892651 -0.200902 0.403501 -0.247325 0.186277 0.979581 0.0756387 -0.161353 -0.410458 0.00764389 0.911847 0.385546
109 0.891197 -0.201856 0.406229 -0.247122 0.187689 0.979369 0.0748923 -0.162679 -0.412966 0.00950078 0.910697 0.389076
110 0.889778 -0.203009 0.408757 -0.247007 0.189878 0.979094 0.0729426 -0.164633 -0.41502 0.0127114 0.909723 0.392026
111 0.888161 -0.204767 0.411388 -0.246611 0.192863 0.978672 0.0707516 -0.166291 -0.417101 0.0165024 0.90871 0.394738
112 0.886085 -0.207238 0.414616 -0.246412 0.195891 0.978107 0.0702438 -0.169802 -0.420095 0.0189775 0.907282 0.397094
113 0.880826 -0.212105 0.423269 -0.247199 0.204329 0.97679 0.0642699 -0.172004 -0.427077 0.0298754 0.903722 0.4022
114 0.879151 -0.212902 0.426342 -0.247406 0.206017 0.97653 0.0628254 -0.173256 -0.429711 0.0326007 0.902378 0.404856
115 0.876873 -0.21351 0.430705 -0.247128 0.207179 0.976324 0.0621906 -0.174933 -0.433786 0.0346996 0.900348 0.407454
116 0.873508 -0.216871 0.435834 -0.247111 0.211725 0.975422 0.0610268 -0.176276 -0.438357 0.0389695 0.897956 0.410632
117 0.870877 -0.219657 0.439687 -0.248075 0.215691 0.974635 0.0596895 -0.176748 -0.441646 0.0428547 0.896165 0.41379
118 0.86891 -0.221372 0.442707 -0.248818 0.217133 0.974235 0.0609865 -0.17748 -0.444802 0.0431345 0.89459 0.416826
119 0.867416 -0.223909 0.444358 -0.246396 0.217162 0.973847 0.0668014 -0.182505 -0.447694 0.0385529 0.893355 0.42028
120 0.864181 -0.225774 0.449686 -0.245716 0.218897 0.973373 0.068038 -0.184315 -0.453074 0.039638 0.890591 0.423948
121 0.86108 -0.226846 0.455062 -0.246575 0.22024 0.97305 0.0683157 -0.185382 -0.458296 0.0413977 0.887835 0.427699
122 0.858998 -0.227714 0.458551 -0.24645 0.22042 0.972875 0.0702144 -0.186791 -0.462102 0.04076 0.88589 0.431469
123 0.853653 -0.228479 0.468054 -0.244625 0.220956 0.972637 0.0718033 -0.192457 -0.471652 0.042124 0.880778 0.439485
124 0.850547 -0.229731 0.473069 -0.245405 0.224069 0.972112 0.0692148 -0.193322 -0.475777 0.0471294 0.878302 0.443514
125 0.848164 -0.232854 0.475811 -0.244586 0.226292 0.971395 0.0720042 -0.198482 -0.478967 0.046601 0.876595 0.448585
126 0.846861 -0.23392 0.477606 -0.244118 0.228179 0.971027 0.0709928 -0.200387 -0.480375 0.0488587 0.875701 0.452736
127 0.844936 -0.23615 0.479913 -0.242024 0.231592 0.970312 0.0697179 -0.203814 -0.482129 0.052237 0.874541 0.456699
128 0.840662 -0.240035 0.48546 -0.240892 0.239289 0.968794 0.0646453 -0.206269 -0.485828 0.0618206 0.871866 0.460463
129 0.835884 -0.242255 0.492556 -0.242562 0.245979 0.967513 0.05842 -0.206592 -0.490707 0.0723258 0.868318 0.464564
130 0.833294 -0.24205 0.497024 -0.245641 0.247512 0.96726 0.0560839 -0.206725 -0.494327 0.0762851 0.865923 0.468478
131 0.833585 -0.245994 0.494594 -0.242357 0.249052 0.966568 0.0609869 -0.211549 -0.493061 0.0723418 0.866982 0.473061
132 0.832499 -0.249221 0.494808 -0.239963 0.252643 0.965616 0.0612897 -0.214405 -0.493069 0.0739861 0.866838 0.477039
133 0.828995 -0.251195 0.499668 -0.240896 0.256319 0.964744 0.0597413 -0.215966 -0.497058 0.0785493 0.864154 0.480889
134 0.825876 -0.25482 0.502987 -0.241198 0.260648 0.963556 0.0601813 -0.217022 -0.499991 0.0814002 0.862196 0.484633
135 0.822972 -0.259763 0.505213 -0.240474 0.265718 0.962067 0.061817 -0.21902 -0.502107 0.0833706 0.860778 0.488783
136 0.820825 -0.263207 0.50692 -0.240139 0.269383 0.960985 0.0627744 -0.221493 -0.503665 0.0850289 0.859704 0.492951
137 0.820433 -0.263989 0.507148 -0.239668 0.270899 0.960622 0.0617947 -0.223552 -0.503491 0.0866878 0.859641 0.497355
138 0.822134 -0.265143 0.503781 -0.235684 0.271367 0.960436 0.062631 -0.22886 -0.500456 0.0852188 0.861558 0.500579
139 0.821608 -0.264919 0.504755 -0.233784 0.273333 0.960109 0.0589944 -0.231553 -0.500249 0.0894962 0.861244 0.502989
140 0.818522 -0.266331 0.509008 -0.235176 0.27873 0.958878 0.0535 -0.232003 -0.502325 0.098085 0.859098 0.506409
141 0.817225 -0.268563 0.509919 -0.235733 0.283291 0.95771 0.0503864 -0.232782 -0.501886 0.103278 0.858746 0.509553
142 0.817491 -0.269762 0.508858 -0.233345 0.285788 0.957077 0.0482536 -0.234295 -0.500034 0.105979 0.859497 0.510928
143 0.815222 -0.271645 0.51149 -0.231191 0.289179 0.956126 0.0468864 -0.235933 -0.501786 0.10969 0.858009 0.513276
144 0.811417 -0.273252 0.516658 -0.231879 0.293503 0.95494 0.044103 -0.237614 -0.505429 0.115855 0.855055 0.516629
145 0.809108 -0.274487 0.519617 -0.231542 0.296885 0.954004 0.0416654 -0.237927 -0.507153 0.120554 0.853383 0.518501
146 0.806569 -0.276665 0.522401 -0.232264 0.299967 0.953042 0.0415954 -0.238457 -0.509379 0.123154 0.851685 0.521252
147 0.804902 -0.280845 0.522742 -0.230882 0.30365 0.951777 0.0437958 -0.240658 -0.509834 0.123479 0.851365 0.524737
148 0.803515 -0.283749 0.523308 -0.228535 0.30553 0.951044 0.0465495 -0.245515 -0.510897 0.122483 0.850871 0.52713
149 0.801945 -0.284454 0.525329 -0.228294 0.307552 0.950459 0.0451551 -0.246483 -0.512148 0.125354 0.8497 0.529454
150 0.800419 -0.286775 0.526392 -0.22778 0.310372 0.949533 0.0453549 -0.24831 -0.512833 0.127074 0.849031 0.533258
151 0.799854 -0.287177 0.527032 -0.226682 0.311742 0.949144 0.0440659 -0.251534 -0.512884 0.129052 0.848702 0.536221
152 0.799028 -0.286678 0.528555 -0.226085 0.314104 0.94856 0.0396432 -0.251498 -0.512731 0.134345 0.847973 0.537512
153 0.797442 -0.287504 0.530498 -0.225695 0.316075 0.947948 0.0386189 -0.25267 -0.513988 0.136881 0.846806 0.540164
154 0.797029 -0.287498 0.531122 -0.225031 0.317128 0.947658 0.0370711 -0.254675 -0.51398 0.138887 0.846484 0.542971
155 0.797719 -0.2854 0.531216 -0.223851 0.316092 0.948094 0.0347009 -0.255906 -0.513546 0.140231 0.846525 0.544584
156 0.797449 -0.283526 0.532624 -0.223178 0.315132 0.948471 0.0330719 -0.256583 -0.514555 0.141474 0.845706 0.54679
157 0.797447 -0.281241 0.533837 -0.221479 0.313633 0.949023 0.0314669 -0.258115 -0.515473 0.142336 0.845002 0.550006
158 0.798581 -0.276165 0.53479 -0.219947 0.30928 0.950528 0.0290164 -0.260543 -0.516346 0.142228 0.844487 0.55152
159 0.797105 -0.273173 0.538517 -0.220983 0.306461 0.951441 0.0290189 -0.263315 -0.520294 0.141903 0.842115 0.554738
160 0.796555 -0.272353 0.539745 -0.21977 0.305829 0.951649 0.0288565 -0.26573 -0.521507 0.142084 0.841334 0.557982
161 0.796348 -0.270895 0.540782 -0.21852 0.305952 0.951687 0.0261894 -0.267454 -0.521749 0.144598 0.840755 0.56042
162 0.795651 -0.268511 0.542994 -0.216388 0.305222 0.951991 0.0235169 -0.268641 -0.52324 0.147022 0.839407 0.562214
163 0.793431 -0.266164 0.547379 -0.21527 0.304797 0.952181 0.0211933 -0.27017 -0.526845 0.150024 0.836616 0.565036
164 0.791606 -0.263211 0.551434 -0.215647 0.303921 0.95252 0.0183679 -0.270972 -0.530087 0.153052 0.834016 0.568109
165 0.792634 -0.259092 0.551908 -0.21307 0.300329 0.953695 0.0163857 -0.27302 -0.530597 0.152766 0.833744 0.570165
166 0.792506 -0.252984 0.554918 -0.211311 0.296164 0.955056 0.0124386 -0.274721 -0.533124 0.154489 0.831812 0.572107
167 0.789624 -0.250129 0.560294 -0.213056 0.296642 0.954953 0.00825626 -0.274758 -0.537119 0.159687 0.828253 0.574898
168 0.78915 -0.250313 0.560879 -0.211552 0.296386 0.955024 0.00920318 -0.278362 -0.537957 0.158974 0.827847 0.576953
169 0.790591 -0.243504 0.561847 -0.210312 0.290243 0.956932 0.0063239 -0.280165 -0.53919 0.158073 0.827217 0.578847
170 0.791376 -0.236491 0.563733 -0.209925 0.28469 0.958616 0.00249625 -0.28246 -0.540994 0.158514 0.825953 0.581599
171 0.792611 -0.231985 0.563872 -0.209458 0.283459 0.958976 -0.00391022 -0.283809 -0.539833 0.162934 0.825853 0.583481
172 0.79375 -0.226035 0.564685 -0.208476 0.280875 0.959685 -0.0106642 -0.284412 -0.53951 0.167071 0.825237 0.584382
173 0.794427 -0.219303 0.566385 -0.208281 0.277019 0.960722 -0.0165652 -0.284632 -0.540506 0.170059 0.823974 0.585594
174 0.795223 -0.215609 0.566686 -0.207606 0.275231 0.961159 -0.0205316 -0.284969 -0.540249 0.172297 0.823678 0.58679
175 0.795148 -0.213694 0.567516 -0.206999 0.274549 0.961305 -0.0226987 -0.286318 -0.540705 0.17386 0.82305 0.588415
176 0.795922 -0.210093 0.567776 -0.206853 0.272655 0.961751 -0.026339 -0.286923 -0.540526 0.175771 0.822762 0.589883
177 0.796846 -0.206625 0.567752 -0.206136 0.269795 0.9625 -0.0283726 -0.28755 -0.540598 0.175785 0.822711 0.590873
178 0.796047 -0.205003 0.569458 -0.205547 0.269397 0.96256 -0.030073 -0.288738 -0.541972 0.17735 0.82147 0.592021
179 0.795577 -0.205725 0.569854 -0.204121 0.269816 0.962468 -0.0292276 -0.290237 -0.542454 0.177008 0.821226 0.592976
180 0.79605 -0.204655 0.56958 -0.203769 0.267647 0.96311 -0.0280121 -0.291384 -0.542835 0.174746 0.821459 0.594693
181 0.797316 -0.202525 0.568569 -0.203122 0.264789 0.9639 -0.0279774 -0.293247 -0.542378 0.172858 0.82216 0.596576
182 0.796936 -0.201988 0.569293 -0.202188 0.264889 0.963848 -0.0288321 -0.294307 -0.542888 0.173777 0.821629 0.597993
183 0.795708 -0.202663 0.570769 -0.201952 0.266417 0.963411 -0.029333 -0.295441 -0.543941 0.175403 0.820586 0.599749
184 0.795829 -0.202323 0.57072 -0.20145 0.266293 0.963432 -0.0297852 -0.296848 -0.543823 0.175683 0.820604 0.601635
185 0.79554 -0.201687 0.571349 -0.200445 0.266488 0.96334 -0.0309949 -0.298647 -0.544151 0.176915 0.820122 0.603576
186 0.793793 -0.200826 0.574075 -0.199675 0.267848 0.962878 -0.0335239 -0.300205 -0.546031 0.180376 0.818116 0.605263
187 0.792302 -0.19987 0.576462 -0.199111 0.26923 0.962389 -0.0363577 -0.300529 -0.547515 0.184007 0.816314 0.606708
188 0.79087 -0.199252 0.578638 -0.198147 0.269456 0.962305 -0.03692 -0.301529 -0.54947 0.185117 0.814748 0.608612
189 0.788492 -0.19931 0.581855 -0.197071 0.270232 0.962098 -0.0366426 -0.303587 -0.552498 0.186129 0.812466 0.610812
190 0.785798 -0.198431 0.585787 -0.196379 0.27144 0.961691 -0.0383551 -0.304506 -0.555735 0.189145 0.809557 0.613349
191 0.783942 -0.198582 0.588217 -0.195755 0.272511 0.961377 -0.038626 -0.305748 -0.557828 0.190576 0.80778 0.615675
192 0.782164 -0.200724 0.589855 -0.194042 0.273104 0.961348 -0.0350033 -0.309651 -0.56003 0.18847 0.80675 0.618117
193 0.779582 -0.200841 0.593224 -0.192013 0.27466 0.960881 -0.0356275 -0.312619 -0.562862 0.190709 0.804249 0.620934
194 0.776849 -0.198634 0.597537 -0.190585 0.276313 0.960234 -0.0400278 -0.314294 -0.565825 0.196203 0.800842 0.623442
195 0.774181 -0.19543 0.602039 -0.189181 0.276532 0.959998 -0.0439727 -0.314925 -0.569362 0.200526 0.797255 0.625717
196 0.770623 -0.193805 0.607108 -0.1877 0.277636 0.95958 -0.0460886 -0.31697 -0.573637 0.204072 0.793281 0.628342
197 0.766685 -0.192404 0.612515 -0.187195 0.279713 0.958836 -0.048925 -0.318269 -0.577888 0.208838 0.788943 0.631035
198 0.762967 -0.192917 0.61698 -0.186815 0.282849 0.957846 -0.0502763 -0.320887 -0.581272 0.212871 0.785372 0.633955
199 0.761584 -0.194519 0.618184 -0.183903 0.28655 0.956653 -0.0519984 -0.324124 -0.581273 0.216742 0.784311 0.637134
200 0.759195 -0.191104 0.622175 -0.182495 0.28673 0.956366 -0.0561234 -0.325485 -0.584302 0.221005 0.780864 0.639609
201 0.756177 -0.187344 0.626976 -0.181547 0.286278 0.956296 -0.0595254 -0.327282 -0.588422 0.224501 0.776761 0.642619
202 0.754438 -0.185706 0.629553 -0.180758 0.286911 0.955959 -0.0618352 -0.329371 -0.590344 0.227276 0.774493 0.645572
203 0.753439 -0.182705 0.631623 -0.179428 0.286187 0.955976 -0.0648533 -0.33157 -0.591968 0.229625 0.772558 0.648546
204 0.751105 -0.179524 0.635305 -0.178104 0.28538 0.956053 -0.0672372 -0.333293 -0.595314 0.231806 0.769329 0.651227
205 0.747838 -0.178443 0.63945 -0.177235 0.28632 0.955707 -0.0681561 -0.335684 -0.598965 0.234057 0.765806 0.654387
206 0.747264 -0.182165 0.639072 -0.172183 0.291322 0.954158 -0.0686632 -0.339746 -0.597267 0.237485 0.766076 0.657306
207 0.747228 -0.181595 0.639276 -0.171776 0.294584 0.952781 -0.0736789 -0.34147 -0.59571 0.243375 0.765439 0.659962
208 0.747837 -0.182052 0.638434 -0.170816 0.29773 0.951505 -0.0774245 -0.343157 -0.593378 0.247982 0.765773 0.662646
209 0.747035 -0.182773 0.639165 -0.169048 0.301249 0.950151 -0.0803885 -0.345934 -0.592611 0.252601 0.764857 0.66558
210 0.744802 -0.182532 0.641835 -0.168144 0.305602 0.948365 -0.0849219 -0.347684 -0.593193 0.259396 0.762126 0.667997
211 0.742245 -0.182104 0.644911 -0.16748 0.308842 0.94703 -0.08804 -0.348854 -0.594718 0.264523 0.75917 0.670068
212 0.739912 -0.181456 0.647768 -0.165949 0.310182 0.946486 -0.0891714 -0.351004 -0.596923 0.266905 0.756601 0.672718
213 0.737185 -0.180384 0.651167 -0.16338 0.308945 0.947055 -0.0874054 -0.355176 -0.600925 0.265609 0.753884 0.676261
214 0.7336 -0.178522 0.655714 -0.162007 0.311891 0.945705 -0.0914634 -0.35684 -0.603784 0.271609 0.749448 0.678364
215 0.729274 -0.177208 0.660876 -0.16126 0.315604 0.944112 -0.0951129 -0.358451 -0.607086 0.277938 0.744444 0.680545
216 0.726928 -0.175292 0.663964 -0.160891 0.31819 0.942795 -0.099459 -0.360373 -0.608548 0.283567 0.74112 0.682519
217 0.72591 -0.172697 0.665756 -0.159886 0.319638 0.941791 -0.104219 -0.361172 -0.609004 0.288454 0.738856 0.684502
218 0.723483 -0.171102 0.668802 -0.1592 0.321389 0.940888 -0.106954 -0.36296 -0.610968 0.292325 0.735707 0.686642
219 0.720659 -0.17042 0.672018 -0.158327 0.324285 0.939603 -0.109479 -0.364923 -0.612772 0.296822 0.732398 0.688585
220 0.717498 -0.172931 0.674753 -0.156112 0.328406 0.938256 -0.108747 -0.368549 -0.614285 0.299619 0.729988 0.692417
221 0.716179 -0.172393 0.67629 -0.154754 0.330504 0.937244 -0.111085 -0.370018 -0.614699 0.303073 0.728211 0.694281
222 0.714828 -0.17107 0.678054 -0.153698 0.332191 0.936299 -0.113984 -0.371743 -0.615362 0.306722 0.726121 0.696145
223 0.711501 -0.17015 0.681774 -0.152636 0.335142 0.934947 -0.116421 -0.373491 -0.617613 0.311324 0.72224 0.698055
224 0.708327 -0.169124 0.685325 -0.151565 0.338878 0.93315 -0.11997 -0.374934 -0.619221 0.31722 0.718288 0.699549
225 0.705559 -0.168425 0.688346 -0.151068 0.34313 0.931081 -0.123893 -0.37651 -0.620039 0.323606 0.714724 0.700934
226 0.702645 -0.168682 0.691258 -0.151302 0.348678 0.928481 -0.127851 -0.377974 -0.620254 0.33086 0.711208 0.702222
227 0.700522 -0.168696 0.693405 -0.150924 0.353318 0.926199 -0.131613 -0.378647 -0.620028 0.337191 0.708426 0.703301
228 0.698004 -0.170301 0.695549 -0.14943 0.357167 0.924662 -0.132029 -0.380167 -0.620663 0.340584 0.706244 0.706658
229 0.694439 -0.172137 0.698658 -0.149197 0.361143 0.923191 -0.131504 -0.380932 -0.622358 0.343637 0.703266 0.70797
230 0.692992 -0.172543 0.699994 -0.146679 0.363615 0.922049 -0.132701 -0.381982 -0.622532 0.346489 0.701712 0.708845
231 0.692572 -0.168365 0.701426 -0.145581 0.362704 0.9218 -0.136864 -0.382889 -0.623531 0.349197 0.699479 0.7096
232 0.690975 -0.165771 0.703614 -0.147533 0.363919 0.920781 -0.140447 -0.383486 -0.624593 0.353104 0.696564 0.709915
233 0.690658 -0.166288 0.703804 -0.147805 0.366361 0.919534 -0.14226 -0.383772 -0.623515 0.356099 0.696004 0.710115
234 0.691094 -0.165044 0.703669 -0.146404 0.366673 0.919051 -0.144558 -0.384606 -0.622849 0.357919 0.695668 0.710636
235 0.689701 -0.161422 0.705872 -0.146427 0.366345 0.918654 -0.147871 -0.385347 -0.624583 0.36058 0.692733 0.710925
236 0.688039 -0.158362 0.708183 -0.147158 0.367121 0.917761 -0.151452 -0.385646 -0.625959 0.364194 0.689593 0.71066
237 0.688164 -0.156181 0.708546 -0.148579 0.367876 0.916831 -0.155202 -0.386033 -0.625378 0.367461 0.688386 0.710356
238 0.688619 -0.15537 0.708282 -0.148385 0.368646 0.916139 -0.157446 -0.38669 -0.624423 0.369526 0.688147 0.710823
239 0.685437 -0.157102 0.710982 -0.146253 0.372201 0.914831 -0.156683 -0.389949 -0.625813 0.372025 0.685533 0.714259
240 0.682577 -0.155383 0.714104 -0.147026 0.375291 0.912982 -0.160064 -0.390136 -0.627093 0.377253 0.681494 0.714203
241 0.681583 -0.153938 0.715365 -0.147133 0.376175 0.912258 -0.162104 -0.390311 -0.627644 0.37959 0.679687 0.71431
242 0.681342 -0.152813 0.715836 -0.145977 0.375885 0.912211 -0.163038 -0.39096 -0.628079 0.380156 0.678968 0.71497
243 0.680907 -0.151418 0.716546 -0.144568 0.376602 0.911517 -0.165252 -0.391707 -0.628122 0.382374 0.677682 0.715852
244 0.67958 -0.150103 0.718081 -0.144005 0.377789 0.910675 -0.167172 -0.392452 -0.628845 0.38489 0.675584 0.71678
245 0.679547 -0.150107 0.718111 -0.144016 0.377815 0.910665 -0.167169 -0.392452 -0.628865 0.384913 0.675552 0.716803
246 0.677493 -0.149386 0.720199 -0.142935 0.378962 0.910087 -0.167718 -0.393131 -0.630389 0.386556 0.673189 0.717715
247 0.677868 -0.148361 0.720058 -0.140497 0.37959 0.909407 -0.169974 -0.393668 -0.629608 0.388547 0.672774 0.718473
248 0.679545 -0.14587 0.718986 -0.138409 0.378509 0.909234 -0.173278 -0.394346 -0.62845 0.389893 0.673078 0.719451
249 0.678806 -0.141065 0.720641 -0.136485 0.377027 0.909096 -0.177185 -0.395395 -0.630137 0.391976 0.670285 0.721027
250 0.677961 -0.136839 0.722249 -0.135718 0.377472 0.907897 -0.182313 -0.395696 -0.63078 0.39623 0.667172 0.721392
251 0.677176 -0.137126 0.722931 -0.135851 0.381189 0.905744 -0.185262 -0.396811 -0.629386 0.401028 0.665619 0.721632
252 0.678622 -0.137535 0.721496 -0.134584 0.383352 0.904223 -0.188205 -0.397387 -0.626509 0.404307 0.66635 0.722206
253 0.680052 -0.134931 0.720641 -0.131909 0.381942 0.904207 -0.191129 -0.397851 -0.625819 0.405221 0.666443 0.723444
254 0.677783 -0.131313 0.723441 -0.129592 0.382297 0.903404 -0.194191 -0.398374 -0.62806 0.408188 0.662512 0.724867
255 0.672989 -0.1294 0.728245 -0.127809 0.384731 0.902144 -0.19524 -0.401239 -0.631718 0.411573 0.656917 0.728113
256 0.672991 -0.1294 0.728244 -0.127807 0.38473 0.902144 -0.19524 -0.40124 -0.631717 0.411572 0.656919 0.728113
257 0.673461 -0.124238 0.728708 -0.125433 0.38356 0.901422 -0.200797 -0.401633 -0.631927 0.414732 0.654726 0.728693
258 0.67369 -0.116789 0.729727 -0.124372 0.381481 0.900662 -0.20804 -0.402284 -0.632941 0.418532 0.65132 0.729397
259 0.671734 -0.110203 0.73255 -0.124423 0.382579 0.8984 -0.215665 -0.40284 -0.634356 0.425127 0.645647 0.729752
260 0.669139 -0.10685 0.735416 -0.124777 0.384641 0.896535 -0.219718 -0.403243 -0.63585 0.429893 0.641005 0.729726
261 0.669507 -0.103595 0.735546 -0.123051 0.38405 0.89588 -0.223392 -0.403483 -0.635819 0.432049 0.639584 0.730206
262 0.670442 -0.0981733 0.735438 -0.122199 0.381764 0.895575 -0.228475 -0.404117 -0.63621 0.433944 0.63791 0.730752
263 0.669025 -0.0942185 0.737244 -0.122014 0.381594 0.894758 -0.231935 -0.404906 -0.637803 0.436498 0.634568 0.731253
264 0.667813 -0.0910369 0.738741 -0.121013 0.382741 0.893226 -0.235919 -0.405085 -0.638385 0.440296 0.631351 0.73164
265 0.667667 -0.0864006 0.73943 -0.12042 0.382335 0.892043 -0.240995 -0.406063 -0.638781 0.443614 0.628622 0.73206
266 0.667949 -0.082375 0.739634 -0.120556 0.380752 0.891758 -0.244533 -0.408453 -0.639431 0.444953 0.627013 0.733513
267 0.666165 -0.07859 0.741652 -0.1207 0.382786 0.889489 -0.249569 -0.408742 -0.640078 0.450148 0.622629 0.733745
268 0.663203 -0.0746028 0.744712 -0.120595 0.384526 0.887619 -0.253521 -0.409097 -0.642107 0.454497 0.617358 0.733764
269 0.661226 -0.0711199 0.746808 -0.120539 0.384514 0.886916 -0.255987 -0.409228 -0.64415 0.456423 0.613799 0.7336
270 0.66017 -0.0692306 0.747919 -0.120225 0.384912 0.886242 -0.257718 -0.409366 -0.644995 0.45802 0.611718 0.7337
271 0.658444 -0.0690243 0.749458 -0.11993 0.388075 0.88434 -0.2595 -0.409816 -0.644864 0.461713 0.609075 0.733857
272 0.657479 -0.0686212 0.750342 -0.119833 0.390266 0.882867 -0.261225 -0.40998 -0.644526 0.464583 0.607247 0.733765
273 0.656901 -0.0671099 0.750984 -0.120009 0.391289 0.881745 -0.263474 -0.409973 -0.644495 0.466928 0.605479 0.733848
274 0.655104 -0.0675886 0.752509 -0.120763 0.394174 0.880275 -0.264087 -0.410231 -0.644566 0.469624 0.603314 0.733732
275 0.654365 -0.0689309 0.753031 -0.118903 0.397947 0.878174 -0.26542 -0.410457 -0.642996 0.473348 0.602077 0.733291
276 0.653703 -0.0689542 0.753603 -0.119234 0.400102 0.876763 -0.266841 -0.410507 -0.642332 0.475953 0.600732 0.732911
277 0.653829 -0.0697593 0.75342 -0.119699 0.401914 0.875669 -0.267709 -0.410522 -0.641071 0.477846 0.600575 0.732743
278 0.654421 -0.0696595 0.752915 -0.119338 0.402449 0.875077 -0.26884 -0.410585 -0.640131 0.478945 0.600703 0.732798
279 0.655587 -0.0657153 0.752255 -0.118993 0.400634 0.874703 -0.272738 -0.410796 -0.640077 0.480183 0.599772 0.732941
280 0.653932 -0.0625249 0.753965 -0.120789 0.399583 0.874783 -0.274024 -0.410864 -0.642423 0.480465 0.597032 0.732645
281 0.651594 -0.0614414 0.756076 -0.121073 0.399337 0.875205 -0.273031 -0.410962 -0.644946 0.479834 0.594814 0.732372
282 0.651864 -0.05884 0.75605 -0.12118 0.397491 0.875562 -0.274574 -0.410978 -0.645813 0.479508 0.594136 0.732072
283 0.652335 -0.057177 0.755771 -0.122413 0.395707 0.876154 -0.275265 -0.410894 -0.646433 0.478628 0.594171 0.731884
284 0.653055 -0.0568555 0.755174 -0.121585 0.395487 0.876004 -0.276055 -0.411285 -0.64584 0.47894 0.594564 0.731973
285 0.654739 -0.0545757 0.753882 -0.120933 0.394841 0.875185 -0.279558 -0.411493 -0.644529 0.480701 0.594566 0.732109
286 0.656278 -0.0515942 0.752753 -0.121289 0.393224 0.87485 -0.282865 -0.411679 -0.643952 0.481639 0.594433 0.732056
287 0.656513 -0.0512526 0.752572 -0.122337 0.392978 0.874839 -0.283239 -0.411374 -0.643863 0.481694 0.594484 0.731725
288 0.657666 -0.0483873 0.751754 -0.121344 0.390826 0.87504 -0.285588 -0.411824 -0.643996 0.481626 0.594395 0.73214
289 0.659267 -0.0453322 0.750541 -0.121506 0.389747 0.87422 -0.289547 -0.411796 -0.643012 0.48341 0.594013 0.732088
290 0.66032 -0.0421575 0.749801 -0.121624 0.388638 0.873514 -0.293145 -0.412009 -0.642603 0.48497 0.593182 0.73229
291 0.660917 -0.0405956 0.74936 -0.122885 0.388495 0.872832 -0.295358 -0.412645 -0.642075 0.48633 0.59264 0.730785
292 0.660755 -0.0376564 0.749657 -0.121862 0.387228 0.872678 -0.29747 -0.412959 -0.643007 0.486843 0.591208 0.730952
293 0.661756 -0.0337039 0.748961 -0.121533 0.386141 0.871618 -0.301957 -0.413276 -0.642631 0.489026 0.589813 0.731039
294 0.661657 -0.0312056 0.749157 -0.121689 0.386812 0.870123 -0.305388 -0.413506 -0.642329 0.491845 0.587794 0.731114
295 0.661562 -0.0299687 0.749291 -0.121716 0.387983 0.868747 -0.307811 -0.413683 -0.64172 0.494349 0.586358 0.731215
296 0.662141 -0.028969 0.748819 -0.121713 0.387914 0.868205 -0.309424 -0.41391 -0.641165 0.495359 0.586112 0.731317
297 0.662952 -0.0274547 0.748159 -0.120631 0.38695 0.868062 -0.311026 -0.414414 -0.640909 0.495696 0.586107 0.731783
298 0.664158 -0.0239291 0.747209 -0.119102 0.384352 0.868208 -0.313828 -0.414939 -0.641223 0.495623 0.585825 0.73215
299 0.66507 -0.0216995 0.746466 -0.118637 0.384241 0.867054 -0.317137 -0.415169 -0.640345 0.497741 0.584989 0.732289
300 0.666941 -0.0199988 0.744842 -0.117616 0.383 0.866671 -0.319674 -0.415662 -0.63914 0.498479 0.585679 0.732538
301 0.668733 -0.0176205 0.743294 -0.116387 0.383197 0.864881 -0.324254 -0.415886 -0.637148 0.501667 0.585126 0.732976
302 0.669315 -0.0151597 0.742824 -0.113491 0.38209 0.864475 -0.326636 -0.419773 -0.6372 0.502448 0.584398 0.734583
303 0.669485 -0.00972809 0.742762 -0.112553 0.381841 0.862201 -0.332878 -0.420291 -0.637172 0.506473 0.580945 0.734944
304 0.670644 -0.00546604 0.741759 -0.111594 0.381034 0.8605 -0.338162 -0.420815 -0.636435 0.509422 0.579172 0.735201
305 0.672436 -0.000640092 0.740155 -0.110161 0.378699 0.859492 -0.343308 -0.421437 -0.635938 0.511149 0.578196 0.735725
306 0.676023 0.0044323 0.736867 -0.10827 0.374355 0.85926 -0.348612 -0.422198 -0.634706 0.51152 0.57922 0.736122
307 0.681496 0.00829408 0.731775 -0.106379 0.370899 0.858085 -0.355141 -0.423026 -0.63087 0.513441 0.581705 0.736658
308 0.686409 0.0125959 0.727106 -0.104919 0.368515 0.85594 -0.362717 -0.423839 -0.626928 0.516922 0.582883 0.737164
309 0.689088 0.0178517 0.724457 -0.104042 0.36633 0.853979 -0.369489 -0.424096 -0.625267 0.520001 0.581927 0.737624
310 0.691565 0.021854 0.721984 -0.102647 0.364101 0.852717 -0.374571 -0.424484 -0.623834 0.521915 0.581752 0.738204
311 0.693721 0.0245144 0.719827 -0.101279 0.361847 0.852275 -0.377749 -0.425108 -0.62275 0.52252 0.58237 0.738638
312 0.695423 0.0281961 0.718047 -0.0988736 0.358554 0.852342 -0.380726 -0.427929 -0.622757 0.522224 0.582628 0.740398
313 0.696538 0.0326453 0.716776 -0.0974001 0.357655 0.850219 -0.386279 -0.4286 -0.622027 0.525417 0.580534 0.741002
314 0.698476 0.0345699 0.714798 -0.0961688 0.357675 0.848264 -0.390533 -0.429136 -0.619839 0.528443 0.580127 0.74127
315 0.702443 0.0339297 0.710931 -0.0948674 0.356431 0.847816 -0.392638 -0.42972 -0.616061 0.529203 0.583449 0.74155
316 0.706559 0.0337501 0.706849 -0.0934768 0.353405 0.848555 -0.393776 -0.430462 -0.61309 0.52803 0.587626 0.742075
317 0.708242 0.0351021 0.705096 -0.0920318 0.351578 0.848563 -0.395391 -0.431247 -0.612197 0.527929 0.588647 0.742991
318 0.70775 0.0386463 0.705405 -0.0907008 0.351747 0.84666 -0.399301 -0.431647 -0.612669 0.530729 0.58563 0.743686
319 0.707135 0.0424893 0.7058 -0.0895023 0.352793 0.843866 -0.404261 -0.432052 -0.612778 0.534868 0.581738 0.743967
320 0.707598 0.0464218 0.705089 -0.0880544 0.353066 0.841124 -0.409701 -0.432652 -0.612086 0.538846 0.578788 0.744307
321 0.708089 0.051276 0.704259 -0.0873062 0.352437 0.838584 -0.41541 -0.432913 -0.611881 0.542354 0.57572 0.744473
322 0.705253 0.0536846 0.70692 -0.0873897 0.355002 0.836371 -0.41768 -0.433449 -0.613671 0.545528 0.570795 0.744809
323 0.706018 0.055546 0.706012 -0.0855144 0.355667 0.834267 -0.421307 -0.434041 -0.612404 0.548556 0.569252 0.744945
324 0.707412 0.0564252 0.704546 -0.0832353 0.358046 0.830838 -0.426042 -0.433917 -0.609403 0.553647 0.567542 0.744638
325 0.708696 0.0593375 0.703014 -0.0822619 0.356965 0.829341 -0.429849 -0.434401 -0.608544 0.555584 0.566569 0.744988
326 0.709902 0.0624496 0.701526 -0.0814234 0.355279 0.828292 -0.433255 -0.434804 -0.608125 0.556806 0.565819 0.745236
327 0.710644 0.064812 0.70056 -0.0808 0.354736 0.826902 -0.436343 -0.43513 -0.607574 0.558599 0.564642 0.745585
328 0.709724 0.0675036 0.701239 -0.0799525 0.355655 0.824904 -0.439367 -0.435583 -0.608113 0.561228 0.561446 0.746028
329 0.708704 0.0724678 0.701774 -0.0792217 0.354929 0.823043 -0.443425 -0.435789 -0.609724 0.563337 0.557573 0.746231
330 0.709096 0.0772184 0.700871 -0.0788655 0.35239 0.822143 -0.447105 -0.435928 -0.61074 0.56402 0.555767 0.746245
331 0.710221 0.079812 0.69944 -0.0785424 0.350065 0.821964 -0.449254 -0.436176 -0.610771 0.563919 0.555837 0.746369
332 0.71031 0.0823819 0.699052 -0.0780562 0.349222 0.821035 -0.451603 -0.436375 -0.61115 0.564902 0.55442 0.746654
333 0.710532 0.0879496 0.698147 -0.0766546 0.346526 0.819776 -0.455945 -0.43702 -0.612425 0.56589 0.552 0.747072
334 0.711101 0.0951006 0.696629 -0.0749151 0.341583 0.819291 -0.460525 -0.437699 -0.614538 0.565436 0.550114 0.747906
335 0.710283 0.0990145 0.696917 -0.0747234 0.340331 0.818346 -0.463124 -0.437845 -0.616176 0.566132 0.54756 0.747942
336 0.71074 0.102372 0.695966 -0.0743373 0.33869 0.817335 -0.466104 -0.437943 -0.616553 0.566995 0.54624 0.74806
337 0.711399 0.106129 0.694729 -0.0739898 0.337092 0.81587 -0.469815 -0.438075 -0.616669 0.568413 0.544633 0.748246
338 0.710468 0.109849 0.695103 -0.073997 0.336536 0.814442 -0.472682 -0.438095 -0.618045 0.569753 0.541667 0.748353
339 0.709927 0.113173 0.695122 -0.0733372 0.336321 0.812712 -0.475801 -0.438377 -0.618782 0.571568 0.538905 0.748466
340 0.710116 0.116677 0.69435 -0.0737039 0.335227 0.811195 -0.47915 -0.438162 -0.619159 0.573017 0.53693 0.748421
341 0.71091 0.118549 0.693219 -0.0739362 0.333812 0.810701 -0.480971 -0.438075 -0.619012 0.573332 0.536762 0.748439
342 0.71164 0.120758 0.692088 -0.0733481 0.332645 0.809774 -0.483335 -0.438376 -0.618801 0.57418 0.536099 0.748671
343 0.712378 0.123771 0.690796 -0.0728845 0.32967 0.809943 -0.485088 -0.438648 -0.619545 0.5733 0.536182 0.748697
344 0.713476 0.126986 0.689077 -0.0720248 0.327382 0.809076 -0.488075 -0.439016 -0.619494 0.573821 0.535683 0.748972
345 0.712957 0.130116 0.68903 -0.0718099 0.32547 0.808964 -0.489536 -0.439132 -0.621098 0.573277 0.534408 0.749089
346 0.712508 0.13292 0.688959 -0.0712592 0.323999 0.808619 -0.49108 -0.439354 -0.62238 0.57312 0.533082 0.749198
347 0.714011 0.132362 0.687509 -0.0709796 0.325301 0.806821 -0.493173 -0.439497 -0.619974 0.575778 0.533021 0.749305
348 0.717039 0.134854 0.683863 -0.0694597 0.322314 0.805767 -0.496843 -0.439814 -0.618036 0.576675 0.534302 0.749651
349 0.718194 0.135015 0.682619 -0.0693383 0.321695 0.805443 -0.497769 -0.439935 -0.617017 0.57709 0.53503 0.749755
350 0.71781 0.135289 0.682968 -0.0691644 0.321031 0.806124 -0.497094 -0.44004 -0.617808 0.576073 0.535212 0.749841
351 0.716715 0.137274 0.683721 -0.068487 0.319077 0.807236 -0.496547 -0.440349 -0.620088 0.574043 0.534758 0.750131
352 0.715749 0.140284 0.684122 -0.0676039 0.317471 0.807181 -0.497665 -0.440711 -0.622025 0.573392 0.533203 0.750415
353 0.716464 0.142191 0.682979 -0.0670548 0.317123 0.805629 -0.500396 -0.440946 -0.621379 0.575104 0.532112 0.75051
354 0.717848 0.142882 0.68138 -0.0672136 0.317143 0.804157 -0.502744 -0.440884 -0.61977 0.576989 0.531948 0.750496
355 0.718965 0.143422 0.680088 -0.0671039 0.315948 0.804102 -0.503584 -0.440956 -0.619085 0.576931 0.532807 0.750568
356 0.720383 0.145236 0.678199 -0.0658789 0.314999 0.802654 -0.50648 -0.441476 -0.617919 0.578492 0.532469 0.75094
357 0.722148 0.146942 0.675951 -0.0652239 0.314901 0.800219 -0.510379 -0.44165 -0.615905 0.581427 0.531605 0.751115
358 0.72436 0.147095 0.673547 -0.0649003 0.314931 0.798485 -0.51307 -0.441979 -0.613287 0.583768 0.532066 0.751193
359 0.725805 0.148959 0.671579 -0.0645008 0.313431 0.797435 -0.515614 -0.442175 -0.612346 0.584729 0.532094 0.751404
360 0.723547 0.152239 0.673278 -0.0633456 0.317505 0.79267 -0.520447 -0.441942 -0.61292 0.590337 0.525197 0.751596
361 0.721302 0.154434 0.675184 -0.0629343 0.320618 0.789644 -0.523132 -0.442045 -0.613944 0.593812 0.520058 0.751656
362 0.722262 0.156456 0.67369 -0.0623838 0.321236 0.786743 -0.527108 -0.442356 -0.61249 0.597124 0.517976 0.751751
363 0.722175 0.158495 0.673307 -0.0623184 0.32369 0.782804 -0.531454 -0.442429 -0.6113 0.601745 0.514018 0.751956
364 0.718327 0.155774 0.678042 -0.063267 0.331599 0.780118 -0.530526 -0.442152 -0.611595 0.605929 0.508726 0.751809
365 0.716644 0.153565 0.680323 -0.0625959 0.336111 0.778667 -0.529818 -0.442376 -0.611106 0.608355 0.506412 0.751881
366 0.719213 0.154458 0.677404 -0.0621922 0.33373 0.77834 -0.5318 -0.44256 -0.609391 0.608547 0.508245 0.751997
367 0.724096 0.155922 0.671843 -0.0614088 0.329604 0.777444 -0.535669 -0.44293 -0.605843 0.609318 0.511552 0.752256
368 0.724859 0.158752 0.670356 -0.0612693 0.328517 0.775659 -0.538916 -0.443088 -0.605522 0.610861 0.51009 0.75242
369 0.723896 0.163852 0.670169 -0.0609148 0.327933 0.772916 -0.543196 -0.443158 -0.606988 0.612988 0.505778 0.752539
370 0.724913 0.167167 0.668249 -0.0607389 0.327644 0.769666 -0.547963 -0.443262 -0.60593 0.616173 0.50317 0.752527
371 0.727012 0.167726 0.665824 -0.061636 0.326826 0.768277 -0.550395 -0.44296 -0.603853 0.617752 0.503729 0.752301
372 0.729928 0.165618 0.663156 -0.0620941 0.325698 0.768703 -0.550469 -0.442818 -0.600937 0.617791 0.507157 0.752276
373 0.731238 0.165971 0.661622 -0.0608356 0.327494 0.765423 -0.553963 -0.443407 -0.598363 0.621756 0.505353 0.752737
374 0.727983 0.168504 0.664566 -0.0611778 0.329089 0.764474 -0.554328 -0.443301 -0.60145 0.622242 0.501071 0.752711
375 0.725621 0.171741 0.666318 -0.061397 0.326949 0.766004 -0.553482 -0.443165 -0.605458 0.61947 0.499678 0.752568
376 0.724275 0.173966 0.667204 -0.0610092 0.32501 0.767271 -0.552868 -0.443369 -0.608107 0.617277 0.499174 0.752751
377 0.724825 0.174424 0.666487 -0.0605596 0.324669 0.766774 -0.553757 -0.443548 -0.607634 0.617765 0.499147 0.752831
378 0.72634 0.174238 0.664884 -0.0605673 0.32363 0.766703 -0.554464 -0.443568 -0.606378 0.617906 0.500499 0.752818
379 0.726224 0.173497 0.665205 -0.0610945 0.323362 0.767691 -0.553251 -0.443424 -0.60666 0.616886 0.501413 0.752846
380 0.725832 0.173037 0.665752 -0.0606681 0.323802 0.767957 -0.552625 -0.443628 -0.606893 0.616685 0.501378 0.752985
381 0.726346 0.173965 0.66495 -0.0600182 0.323472 0.767087 -0.554025 -0.443834 -0.606455 0.617506 0.500897 0.753104
382 0.725557 0.17544 0.665423 -0.0601637 0.323873 0.766118 -0.555131 -0.443809 -0.607184 0.618291 0.499042 0.753067
383 0.723709 0.176451 0.667166 -0.060343 0.325405 0.765284 -0.555384 -0.44374 -0.60857 0.619035 0.496425 0.753057
384 0.721868 0.172561 0.670171 -0.0605512 0.329919 0.765464 -0.552466 -0.443695 -0.608326 0.61991 0.495633 0.75302
385 0.720839 0.172016 0.671418 -0.0602916 0.331068 0.765604 -0.551583 -0.443856 -0.608922 0.619888 0.494928 0.753158
386 0.719522 0.171376 0.672992 -0.0600572 0.334005 0.764237 -0.551709 -0.443904 -0.608875 0.62175 0.492644 0.753192
387 0.716402 0.17095 0.67642 -0.060214 0.337395 0.763726 -0.550352 -0.443822 -0.610682 0.622495 0.489457 0.753151
388 0.713899 0.170647 0.679138 -0.0601512 0.339772 0.763618 -0.549037 -0.443827 -0.612294 0.622709 0.487165 0.753134
389 0.712185 0.169072 0.681327 -0.060433 0.341826 0.764203 -0.546945 -0.443794 -0.613145 0.622422 0.486461 0.753149
390 0.711799 0.166887 0.682269 -0.0602388 0.344253 0.763801 -0.545983 -0.443855 -0.612235 0.623503 0.486221 0.753189
391 0.710787 0.16543 0.683677 -0.059977 0.347164 0.762821 -0.545511 -0.443944 -0.611767 0.62509 0.484772 0.753216
392 0.708637 0.164308 0.686175 -0.0598233 0.350825 0.761719 -0.544707 -0.443977 -0.612172 0.626727 0.482139 0.753191
393 0.706505 0.162741 0.688743 -0.060012 0.354755 0.760662 -0.543638 -0.443909 -0.612372 0.628418 0.479678 0.753161
394 0.704453 0.161289 0.691182 -0.0599321 0.358461 0.759657 -0.542611 -0.443256 -0.612578 0.630006 0.477327 0.752912
395 0.703129 0.161442 0.692492 -0.0597887 0.359538 0.759496 -0.542124 -0.44331 -0.613467 0.630161 0.475979 0.752984
396 0.701114 0.16224 0.694346 -0.0596695 0.360916 0.759075 -0.541798 -0.443404 -0.614962 0.630463 0.473643 0.753014
397 0.69885 0.163783 0.696264 -0.0598422 0.361581 0.758997 -0.541463 -0.443294 -0.617145 0.630157 0.471204 0.75295
398 0.696198 0.165175 0.698588 -0.0599136 0.362251 0.75933 -0.540548 -0.44324 -0.619744 0.629393 0.468809 0.752889
399 0.695841 0.164749 0.699045 -0.059809 0.362869 0.759312 -0.540159 -0.443249 -0.619784 0.629526 0.468577 0.752877
400 0.697262 0.165116 0.69754 -0.0596561 0.361374 0.759428 -0.540997 -0.443281 -0.619059 0.629289 0.469852 0.752859
401 0.698458 0.16609 0.696111 -0.0597633 0.35899 0.76015 -0.54157 -0.443257 -0.619098 0.628161 0.471308 0.752842
402 0.698632 0.167218 0.695666 -0.0595439 0.357991 0.760147 -0.542235 -0.44335 -0.61948 0.627865 0.4712 0.752976
403 0.698949 0.168795 0.694967 -0.0593311 0.357489 0.759174 -0.543927 -0.443408 -0.619413 0.62862 0.470281 0.75296
404 0.700591 0.170931 0.692787 -0.0594565 0.35472 0.758997 -0.545983 -0.443304 -0.619149 0.628257 0.471114 0.752879
405 0.701996 0.172323 0.691018 -0.059613 0.352375 0.75915 -0.547287 -0.443288 -0.618897 0.627691 0.472199 0.752875
406 0.702531 0.172329 0.690473 -0.0597314 0.351815 0.759283 -0.547462 -0.443246 -0.618608 0.627528 0.472792 0.752869
407 0.704164 0.17283 0.688681 -0.0596971 0.349514 0.759903 -0.548076 -0.443246 -0.618055 0.626639 0.47469 0.752834
408 0.705781 0.172335 0.687149 -0.0595681 0.348079 0.760447 -0.548235 -0.443353 -0.61702 0.626116 0.476723 0.752945
409 0.707156 0.172677 0.685647 -0.059192 0.347373 0.759773 -0.549615 -0.443524 -0.615842 0.626839 0.477295 0.753091
410 0.707381 0.175308 0.684747 -0.0591128 0.345558 0.759321 -0.551381 -0.443569 -0.616604 0.626656 0.476551 0.753124
411 0.707271 0.177709 0.684242 -0.0592809 0.344695 0.758352 -0.553252 -0.443391 -0.617214 0.627154 0.475105 0.753138
412 0.706975 0.17837 0.684376 -0.0594851 0.344257 0.758505 -0.553315 -0.443426 -0.617797 0.626781 0.474839 0.75303
413 0.707313 0.178449 0.684006 -0.0594693 0.342997 0.759441 -0.552813 -0.443533 -0.618112 0.625623 0.475955 0.753027
414 0.70782 0.178741 0.683405 -0.0591093 0.342182 0.759614 -0.55308 -0.443659 -0.617982 0.62533 0.476508 0.753161
415 0.707423 0.179827 0.683531 -0.0592791 0.342822 0.758412 -0.554332 -0.443509 -0.618082 0.626477 0.474869 0.753191
416 0.70764 0.179111 0.683494 -0.0590262 0.34313 0.758502 -0.554018 -0.443767 -0.617663 0.626573 0.475288 0.753245
417 0.709409 0.178906 0.681712 -0.0587698 0.342071 0.758284 -0.554971 -0.44385 -0.616219 0.626895 0.476735 0.753278
418 0.710781 0.178285 0.680445 -0.0587314 0.341669 0.758061 -0.555523 -0.443858 -0.61486 0.627342 0.4779 0.753315
419 0.711516 0.177368 0.679916 -0.0587402 0.342087 0.757769 -0.555664 -0.443875 -0.613776 0.627954 0.47849 0.753379
420 0.712134 0.177014 0.679361 -0.0586411 0.342406 0.757214 -0.556224 -0.443871 -0.612881 0.628723 0.478627 0.753475
421 0.712782 0.177174 0.678639 -0.0584057 0.342439 0.756503 -0.55717 -0.443984 -0.612108 0.629534 0.478551 0.753547
422 0.713402 0.177789 0.677827 -0.0582696 0.342352 0.755563 -0.558498 -0.44407 -0.611436 0.630489 0.478153 0.753552
423 0.713471 0.178204 0.677645 -0.0585851 0.341983 0.755542 -0.558752 -0.444022 -0.611561 0.630396 0.478114 0.753479
424 0.713066 0.177944 0.67814 -0.0587468 0.341978 0.756106 -0.557992 -0.444027 -0.612036 0.629794 0.4783 0.753491
425 0.713101 0.177118 0.678319 -0.0585381 0.342045 0.756685 -0.557165 -0.444124 -0.611958 0.629331 0.47901 0.753593
426 0.714487 0.177708 0.676704 -0.0578819 0.34188 0.755192 -0.559288 -0.444352 -0.610431 0.630956 0.47882 0.753776
427 0.714444 0.179954 0.676156 -0.0578394 0.340395 0.754903 -0.560582 -0.444409 -0.611311 0.630664 0.47808 0.753746
428 0.714934 0.181737 0.67516 -0.0578415 0.338968 0.754474 -0.562023 -0.444372 -0.611531 0.630667 0.477795 0.753697
429 0.715445 0.183892 0.674034 -0.0578468 0.33737 0.753884 -0.563774 -0.444359 -0.611817 0.630748 0.477323 0.753687
430 0.715061 0.185736 0.673937 -0.058195 0.336351 0.75372 -0.5646 -0.444256 -0.612826 0.630403 0.476483 0.753622
431 0.715079 0.186797 0.673624 -0.0582133 0.335602 0.753586 -0.565225 -0.444227 -0.613216 0.63025 0.476184 0.753595
432 0.715112 0.187813 0.673306 -0.0583838 0.334496 0.75384 -0.565542 -0.444147 -0.613782 0.629644 0.476257 0.753528
433 0.715634 0.188668 0.672512 -0.0583363 0.3333 0.753897 -0.566171 -0.44414 -0.613824 0.62932 0.476631 0.753526
434 0.716458 0.189876 0.671294 -0.058346 0.331973 0.753526 -0.567443 -0.444068 -0.613581 0.629401 0.476836 0.753471
435 0.716416 0.190622 0.671127 -0.0587628 0.330642 0.754295 -0.567199 -0.443986 -0.614348 0.628253 0.477362 0.753389
436 0.715997 0.192239 0.671112 -0.0587696 0.329049 0.754915 -0.567301 -0.44393 -0.61569 0.627015 0.477261 0.753372
437 0.715274 0.192216 0.67189 -0.0588576 0.329709 0.754885 -0.566958 -0.443872 -0.616178 0.627058 0.476574 0.75335
438 0.714928 0.190311 0.672801 -0.0593324 0.330794 0.755682 -0.565261 -0.443657 -0.615999 0.626679 0.477305 0.753173
439 0.715816 0.188348 0.672408 -0.0592841 0.329531 0.757853 -0.563087 -0.44363 -0.615643 0.624646 0.480417 0.753229
440 0.71578 0.187958 0.672556 -0.0590545 0.330408 0.757321 -0.56329 -0.443692 -0.615216 0.625409 0.479972 0.753301
441 0.715839 0.187954 0.672494 -0.059137 0.33123 0.756437 -0.563994 -0.443637 -0.614704 0.626479 0.479232 0.753201
442 0.715739 0.187076 0.672845 -0.0595955 0.331293 0.757194 -0.562941 -0.443498 -0.614787 0.625827 0.479976 0.752998
443 0.71632 0.187766 0.672034 -0.0594022 0.330027 0.757409 -0.563395 -0.443528 -0.614791 0.62536 0.48058 0.753071
444 0.715768 0.188889 0.672307 -0.0596917 0.329766 0.757203 -0.563825 -0.443341 -0.615573 0.625272 0.479692 0.753007
445 0.714849 0.190103 0.672942 -0.0597387 0.329757 0.756976 -0.564135 -0.443261 -0.616645 0.625179 0.478436 0.752898
446 0.714744 0.191823 0.672566 -0.0597228 0.328641 0.756752 -0.565085 -0.44327 -0.617362 0.624924 0.477843 0.7528
447 0.714825 0.193718 0.671936 -0.0598363 0.327383 0.756361 -0.566337 -0.443129 -0.617937 0.624812 0.477246 0.752697
448 0.71423 0.195225 0.672133 -0.0601294 0.327155 0.755828 -0.567181 -0.442974 -0.618745 0.624989 0.475966 0.752613
449 0.713974 0.195302 0.672383 -0.0602539 0.327147 0.75599 -0.56697 -0.442914 -0.619045 0.624769 0.475864 0.752459
450 0.713679 0.195858 0.672534 -0.0603572 0.326345 0.756579 -0.566645 -0.44288 -0.619807 0.623881 0.476037 0.752418
451 0.712888 0.198319 0.672652 -0.0601991 0.325676 0.755848 -0.568005 -0.442789 -0.621068 0.62399 0.474247 0.752433
452 0.712226 0.200099 0.672826 -0.0601577 0.326104 0.754475 -0.569583 -0.442835 -0.621603 0.625083 0.472103 0.752437
453 0.712105 0.201518 0.67253 -0.0604371 0.325249 0.754236 -0.570387 -0.442715 -0.62219 0.624915 0.471552 0.752317
454 0.712754 0.201067 0.671978 -0.06073 0.324275 0.755043 -0.569873 -0.44259 -0.621955 0.624085 0.472959 0.752244
455 0.713891 0.200258 0.671011 -0.0604616 0.323448 0.755591 -0.569618 -0.442739 -0.62108 0.623682 0.474637 0.752317
456 0.714592 0.199219 0.670574 -0.0603323 0.323583 0.755739 -0.569344 -0.442793 -0.620203 0.623835 0.475581 0.75238
457 0.714826 0.198869 0.670429 -0.0602522 0.323493 0.755927 -0.569145 -0.442865 -0.619981 0.623719 0.476024 0.752507
458 0.71564 0.199107 0.669489 -0.0599802 0.323003 0.75552 -0.569963 -0.443014 -0.619296 0.624136 0.476368 0.75266
459 0.716826 0.201239 0.66758 -0.0595178 0.320998 0.7547 -0.572178 -0.443173 -0.618967 0.624445 0.476391 0.752766
460 0.718346 0.204337 0.665 -0.0589731 0.318505 0.753228 -0.575502 -0.443435 -0.618493 0.625216 0.475996 0.752861
461 0.718454 0.206618 0.664179 -0.0591539 0.318467 0.751192 -0.578178 -0.443452 -0.618388 0.626913 0.473896 0.753001
462 0.71914 0.207902 0.663034 -0.0587565 0.319283 0.748631 -0.581043 -0.443516 -0.617168 0.629546 0.471991 0.752951
463 0.717499 0.209455 0.664322 -0.0590124 0.320718 0.747273 -0.581999 -0.443519 -0.618333 0.630644 0.468991 0.753034
464 0.716854 0.216803 0.662658 -0.0584017 0.315455 0.746729 -0.585563 -0.443816 -0.621778 0.628803 0.466904 0.75324
465 0.716703 0.219864 0.661813 -0.0581372 0.312651 0.746984 -0.586741 -0.444001 -0.623367 0.627435 0.466624 0.753389
466 0.71769 0.222412 0.65989 -0.0577502 0.309619 0.746884 -0.588472 -0.444277 -0.623745 0.626655 0.467168 0.753612
467 0.719363 0.225779 0.656918 -0.0567751 0.306365 0.745631 -0.591756 -0.444767 -0.623424 0.626944 0.467208 0.75397
468 0.722571 0.231874 0.651249 -0.0563399 0.301888 0.741652 -0.599012 -0.444588 -0.621896 0.629433 0.465896 0.754243
469 0.724694 0.236157 0.64734 -0.0558868 0.300566 0.737023 -0.605356 -0.444795 -0.620064 0.633267 0.463136 0.754468
470 0.725426 0.238379 0.645703 -0.0558661 0.300971 0.733817 -0.60904 -0.445027 -0.61901 0.636151 0.460585 0.754514
471 0.725722 0.240496 0.644585 -0.0557905 0.300367 0.732148 -0.611342 -0.445174 -0.618957 0.637276 0.459099 0.754702
472 0.726881 0.242639 0.642472 -0.0548631 0.299618 0.72974 -0.614579 -0.445634 -0.617959 0.639222 0.457735 0.755002
473 0.726709 0.244158 0.642091 -0.0546266 0.300566 0.727473 -0.616801 -0.445816 -0.617701 0.641225 0.455276 0.755211
474 0.726183 0.246473 0.641802 -0.0536783 0.302415 0.723845 -0.620156 -0.446495 -0.617416 0.644437 0.451107 0.755737
475 0.725738 0.249096 0.641292 -0.0525543 0.302391 0.721781 -0.62257 -0.447111 -0.617952 0.645743 0.448499 0.756164
476 0.724763 0.252282 0.641149 -0.0522763 0.302739 0.719308 -0.625256 -0.447344 -0.618924 0.647264 0.444952 0.756352
477 0.723575 0.253313 0.642084 -0.052099 0.30519 0.716948 -0.626773 -0.447558 -0.619111 0.649475 0.441457 0.756616
478 0.725211 0.255857 0.639223 -0.0506133 0.303346 0.714704 -0.630222 -0.447858 -0.618102 0.650949 0.440698 0.756965
479 0.726035 0.25814 0.637367 -0.0499934 0.303013 0.711935 -0.633507 -0.448248 -0.617298 0.653079 0.43867 0.757299
480 0.727619 0.259904 0.634839 -0.0494052 0.305379 0.705963 -0.639031 -0.448743 -0.61426 0.658837 0.434302 0.757644
481 0.727397 0.260563 0.634824 -0.048866 0.306545 0.704287 -0.64032 -0.449103 -0.613942 0.660369 0.432422 0.75794
482 0.727245 0.262895 0.634036 -0.0481987 0.307333 0.701244 -0.643275 -0.449495 -0.613727 0.662679 0.42918 0.758266
483 0.726317 0.26677 0.633481 -0.0478312 0.307465 0.698178 -0.646539 -0.449694 -0.61476 0.664365 0.425076 0.758454
484 0.727399 0.270614 0.630602 -0.0472823 0.304929 0.695776 -0.650319 -0.449953 -0.614743 0.66533 0.423588 0.75851
485 0.729837 0.276167 0.625356 -0.0466275 0.30167 0.690779 -0.65713 -0.450446 -0.61346 0.668249 0.420844 0.758955
486 0.729626 0.277753 0.624899 -0.0463058 0.302609 0.688325 -0.659269 -0.450704 -0.613248 0.67012 0.41817 0.759025
487 0.730191 0.279067 0.623653 -0.0458011 0.305099 0.683544 -0.663085 -0.450884 -0.611339 0.674455 0.413975 0.759228
488 0.73034 0.282099 0.622112 -0.0448312 0.304889 0.680364 -0.666444 -0.451437 -0.611266 0.676406 0.410888 0.759657
489 0.729915 0.28357 0.621942 -0.0447675 0.305377 0.678751 -0.667864 -0.45143 -0.61153 0.67741 0.408835 0.759695
490 0.731213 0.287068 0.618805 -0.0437336 0.303995 0.674951 -0.67233 -0.451974 -0.610668 0.67973 0.406265 0.760045
491 0.732226 0.292986 0.614821 -0.0432201 0.302984 0.668356 -0.679338 -0.452219 -0.609956 0.68371 0.400618 0.760311
492 0.736031 0.306029 0.603825 -0.0433198 0.299649 0.65255 -0.695981 -0.452388 -0.607016 0.693199 0.388596 0.760271
493 0.735819 0.306178 0.604008 -0.0441228 0.303836 0.647856 -0.698546 -0.452057 -0.60519 0.697522 0.383677 0.760407
494 0.735131 0.305069 0.605405 -0.0434116 0.306475 0.647008 -0.698179 -0.452396 -0.604694 0.698795 0.382139 0.760575
495 0.73374 0.307702 0.60576 -0.0434127 0.306862 0.645376 -0.699518 -0.452579 -0.606186 0.699149 0.379116 0.760741
496 0.733979 0.310756 0.603909 -0.0432723 0.304444 0.644305 -0.701559 -0.452671 -0.607115 0.698786 0.378299 0.760981
497 0.731622 0.306987 0.608678 -0.044605 0.303607 0.652702 -0.694121 -0.452391 -0.610371 0.692632 0.384328 0.760478
498 0.729922 0.302967 0.612719 -0.0442989 0.303986 0.658995 -0.687982 -0.452407 -0.612215 0.688431 0.388917 0.760605
499 0.72997 0.299475 0.614377 -0.0440043 0.303919 0.662915 -0.684235 -0.452436 -0.612191 0.686192 0.392892 0.760704
